# 0.04000
#    1  751    5    1
# Optical potential KP=  1: type,multipole =  0  0
    0.000  0.23011        0.000    
    0.200  0.23007        0.000    
    0.400  0.22997        0.000    
    0.600  0.22979        0.000    
    0.800  0.22955        0.000    
    1.000  0.22924        0.000    
    1.200  0.22885        0.000    
    1.400  0.22840        0.000    
    1.600  0.22788        0.000    
    1.800  0.22729        0.000    
    2.000  0.22663        0.000    
    2.200  0.22589        0.000    
    2.400  0.22509        0.000    
    2.600  0.22422        0.000    
    2.800  0.22328        0.000    
    3.000  0.22227        0.000    
    3.200  0.22119        0.000    
    3.400  0.22004        0.000    
    3.600  0.21883        0.000    
    3.800  0.21754        0.000    
    4.000  0.21618        0.000    
    4.200  0.21475        0.000    
    4.400  0.21325        0.000    
    4.600  0.21169        0.000    
    4.800  0.21005        0.000    
    5.000  0.20834        0.000    
    5.200  0.20657        0.000    
    5.400  0.20472        0.000    
    5.600  0.20281        0.000    
    5.800  0.20082        0.000    
    6.000  0.19877        0.000    
    6.200  0.19664        0.000    
    6.400  0.19445        0.000    
    6.600  0.19219        0.000    
    6.800  0.18985        0.000    
    7.000  0.18745        0.000    
    7.200  0.18498        0.000    
    7.400  0.18244        0.000    
    7.600  0.17983        0.000    
    7.800  0.17714        0.000    
    8.000  0.17439        0.000    
    8.200  0.17157        0.000    
    8.400  0.16868        0.000    
    8.600  0.16572        0.000    
    8.800  0.16269        0.000    
    9.000  0.15959        0.000    
    9.200  0.15643        0.000    
    9.400  0.15319        0.000    
    9.600  0.15000        0.000    
    9.800  0.14694        0.000    
   10.000  0.14400        0.000    
   10.200  0.14117        0.000    
   10.400  0.13846        0.000    
   10.600  0.13585        0.000    
   10.800  0.13333        0.000    
   11.000  0.13091        0.000    
   11.200  0.12857        0.000    
   11.400  0.12631        0.000    
   11.600  0.12413        0.000    
   11.800  0.12203        0.000    
   12.000  0.12000        0.000    
   12.200  0.11803        0.000    
   12.400  0.11613        0.000    
   12.600  0.11428        0.000    
   12.800  0.11250        0.000    
   13.000  0.11077        0.000    
   13.200  0.10909        0.000    
   13.400  0.10746        0.000    
   13.600  0.10588        0.000    
   13.800  0.10435        0.000    
   14.000  0.10285        0.000    
   14.200  0.10141        0.000    
   14.400  9.99976E-02    0.000    
   14.600  9.86278E-02    0.000    
   14.800  9.72949E-02    0.000    
   15.000  9.59977E-02    0.000    
   15.200  9.47345E-02    0.000    
   15.400  9.35042E-02    0.000    
   15.600  9.23055E-02    0.000    
   15.800  9.11370E-02    0.000    
   16.000  8.99978E-02    0.000    
   16.200  8.88867E-02    0.000    
   16.400  8.78028E-02    0.000    
   16.600  8.67449E-02    0.000    
   16.800  8.57122E-02    0.000    
   17.000  8.47038E-02    0.000    
   17.200  8.37189E-02    0.000    
   17.400  8.27566E-02    0.000    
   17.600  8.18162E-02    0.000    
   17.800  8.08969E-02    0.000    
   18.000  7.99981E-02    0.000    
   18.200  7.91190E-02    0.000    
   18.400  7.82590E-02    0.000    
   18.600  7.74175E-02    0.000    
   18.800  7.65939E-02    0.000    
   19.000  7.57876E-02    0.000    
   19.200  7.49982E-02    0.000    
   19.400  7.42250E-02    0.000    
   19.600  7.34676E-02    0.000    
   19.800  7.27255E-02    0.000    
   20.000  7.19983E-02    0.000    
   20.200  7.12854E-02    0.000    
   20.400  7.05865E-02    0.000    
   20.600  6.99012E-02    0.000    
   20.800  6.92291E-02    0.000    
   21.000  6.85698E-02    0.000    
   21.200  6.79229E-02    0.000    
   21.400  6.72881E-02    0.000    
   21.600  6.66651E-02    0.000    
   21.800  6.60534E-02    0.000    
   22.000  6.54530E-02    0.000    
   22.200  6.48633E-02    0.000    
   22.400  6.42842E-02    0.000    
   22.600  6.37153E-02    0.000    
   22.800  6.31564E-02    0.000    
   23.000  6.26072E-02    0.000    
   23.200  6.20675E-02    0.000    
   23.400  6.15370E-02    0.000    
   23.600  6.10155E-02    0.000    
   23.800  6.05027E-02    0.000    
   24.000  5.99985E-02    0.000    
   24.200  5.95027E-02    0.000    
   24.400  5.90150E-02    0.000    
   24.600  5.85352E-02    0.000    
   24.800  5.80631E-02    0.000    
   25.000  5.75986E-02    0.000    
   25.200  5.71415E-02    0.000    
   25.400  5.66915E-02    0.000    
   25.600  5.62486E-02    0.000    
   25.800  5.58126E-02    0.000    
   26.000  5.53833E-02    0.000    
   26.200  5.49605E-02    0.000    
   26.400  5.45441E-02    0.000    
   26.600  5.41340E-02    0.000    
   26.800  5.37300E-02    0.000    
   27.000  5.33320E-02    0.000    
   27.200  5.29399E-02    0.000    
   27.400  5.25535E-02    0.000    
   27.600  5.21727E-02    0.000    
   27.800  5.17973E-02    0.000    
   28.000  5.14273E-02    0.000    
   28.200  5.10626E-02    0.000    
   28.400  5.07030E-02    0.000    
   28.600  5.03484E-02    0.000    
   28.800  4.99988E-02    0.000    
   29.000  4.96540E-02    0.000    
   29.200  4.93139E-02    0.000    
   29.400  4.89784E-02    0.000    
   29.600  4.86475E-02    0.000    
   29.800  4.83210E-02    0.000    
   30.000  4.79988E-02    0.000    
 &
#    2  751    5    1
# Optical potential KP=  1: type,multipole =  1  0
    0.000  -26.000        0.000    
    0.200  -26.000        0.000    
    0.400  -26.000        0.000    
    0.600  -26.000        0.000    
    0.800  -26.000        0.000    
    1.000  -26.000        0.000    
    1.200  -26.000        0.000    
    1.400  -26.000        0.000    
    1.600  -26.000        0.000    
    1.800  -25.999        0.000    
    2.000  -25.999        0.000    
    2.200  -25.998        0.000    
    2.400  -25.997        0.000    
    2.600  -25.994        0.000    
    2.800  -25.989        0.000    
    3.000  -25.981        0.000    
    3.200  -25.966        0.000    
    3.400  -25.939        0.000    
    3.600  -25.890        0.000    
    3.800  -25.802        0.000    
    4.000  -25.646        0.000    
    4.200  -25.370        0.000    
    4.400  -24.886        0.000    
    4.600  -24.061        0.000    
    4.800  -22.705        0.000    
    5.000  -20.614        0.000    
    5.200  -17.680        0.000    
    5.400  -14.074        0.000    
    5.600  -10.293        0.000    
    5.800  -6.9371        0.000    
    6.000  -4.3708        0.000    
    6.200  -2.6232        0.000    
    6.400  -1.5251        0.000    
    6.600 -0.86960        0.000    
    6.800 -0.49019        0.000    
    7.000 -0.27450        0.000    
    7.200 -0.15315        0.000    
    7.400 -8.52703E-02    0.000    
    7.600 -4.74203E-02    0.000    
    7.800 -2.63542E-02    0.000    
    8.000 -1.46412E-02    0.000    
    8.200 -8.13241E-03    0.000    
    8.400 -4.51661E-03    0.000    
    8.600 -2.50830E-03    0.000    
    8.800 -1.39293E-03    0.000    
    9.000 -7.73523E-04    0.000    
    9.200 -4.29548E-04    0.000    
    9.400 -2.38532E-04    0.000    
    9.600 -1.32459E-04    0.000    
    9.800 -7.35555E-05    0.000    
   10.000 -4.08459E-05    0.000    
   10.200 -2.26820E-05    0.000    
   10.400 -1.25955E-05    0.000    
   10.600 -6.99435E-06    0.000    
   10.800 -3.88401E-06    0.000    
   11.000 -2.15681E-06    0.000    
   11.200 -1.19769E-06    0.000    
   11.400 -6.65086E-07    0.000    
   11.600 -3.69327E-07    0.000    
   11.800 -2.05089E-07    0.000    
   12.000 -1.13887E-07    0.000    
   12.200 -6.32424E-08    0.000    
   12.400 -3.51189E-08    0.000    
   12.600 -1.95018E-08    0.000    
   12.800 -1.08295E-08    0.000    
   13.000 -6.01366E-09    0.000    
   13.200 -3.33943E-09    0.000    
   13.400 -1.85440E-09    0.000    
   13.600 -1.02976E-09    0.000    
   13.800 -5.71834E-10    0.000    
   14.000 -3.17543E-10    0.000    
   14.200 -1.76334E-10    0.000    
   14.400 -9.79192E-11    0.000    
   14.600 -5.43751E-11    0.000    
   14.800 -3.01949E-11    0.000    
   15.000 -1.67674E-11    0.000    
   15.200 -9.31104E-12    0.000    
   15.400 -5.17048E-12    0.000    
   15.600 -2.87120E-12    0.000    
   15.800 -1.59440E-12    0.000    
   16.000 -8.85378E-13    0.000    
   16.200 -4.91656E-13    0.000    
   16.400 -2.73020E-13    0.000    
   16.600 -1.51610E-13    0.000    
   16.800 -8.41898E-14    0.000    
   17.000 -4.67511E-14    0.000    
   17.200 -2.59612E-14    0.000    
   17.400 -1.44164E-14    0.000    
   17.600 -8.00553E-15    0.000    
   17.800 -4.44552E-15    0.000    
   18.000 -2.46863E-15    0.000    
   18.200 -1.37084E-15    0.000    
   18.400 -7.61239E-16    0.000    
   18.600 -4.22721E-16    0.000    
   18.800 -2.34739E-16    0.000    
   19.000 -1.30352E-16    0.000    
   19.200 -7.23855E-17    0.000    
   19.400 -4.01961E-17    0.000    
   19.600 -2.23212E-17    0.000    
   19.800 -1.23951E-17    0.000    
   20.000 -6.88307E-18    0.000    
   20.200 -3.82221E-18    0.000    
   20.400 -2.12250E-18    0.000    
   20.600 -1.17864E-18    0.000    
   20.800 -6.54505E-19    0.000    
   21.000 -3.63451E-19    0.000    
   21.200 -2.01826E-19    0.000    
   21.400 -1.12076E-19    0.000    
   21.600 -6.22362E-20    0.000    
   21.800 -3.45602E-20    0.000    
   22.000 -1.91915E-20    0.000    
   22.200 -1.06572E-20    0.000    
   22.400 -5.91799E-21    0.000    
   22.600 -3.28630E-21    0.000    
   22.800 -1.82490E-21    0.000    
   23.000 -1.01338E-21    0.000    
   23.200 -5.62736E-22    0.000    
   23.400 -3.12491E-22    0.000    
   23.600 -1.73528E-22    0.000    
   23.800 -9.63613E-23    0.000    
   24.000 -5.35100E-23    0.000    
   24.200 -2.97145E-23    0.000    
   24.400 -1.65006E-23    0.000    
   24.600 -9.16291E-24    0.000    
   24.800 -5.08822E-24    0.000    
   25.000 -2.82552E-24    0.000    
   25.200 -1.56903E-24    0.000    
   25.400 -8.71292E-25    0.000    
   25.600 -4.83834E-25    0.000    
   25.800 -2.68676E-25    0.000    
   26.000 -1.49198E-25    0.000    
   26.200 -8.28504E-26    0.000    
   26.400 -4.60073E-26    0.000    
   26.600 -2.55482E-26    0.000    
   26.800 -1.41871E-26    0.000    
   27.000 -7.87817E-27    0.000    
   27.200 -4.37480E-27    0.000    
   27.400 -2.42935E-27    0.000    
   27.600 -1.34903E-27    0.000    
   27.800 -7.49128E-28    0.000    
   28.000 -4.15995E-28    0.000    
   28.200 -2.31005E-28    0.000    
   28.400 -1.28278E-28    0.000    
   28.600 -7.12338E-29    0.000    
   28.800 -3.95566E-29    0.000    
   29.000 -2.19660E-29    0.000    
   29.200 -1.21979E-29    0.000    
   29.400 -6.77356E-30    0.000    
   29.600 -3.76140E-30    0.000    
   29.800    0.000        0.000    
   30.000    0.000        0.000    
 &
#    3  751    5    1
# Optical potential KP=  1: type,multipole =  1  0
    0.000  1.26890E-02 -1.50757E-06
    0.200  3.42336E-02 -6.32241E-06
    0.400  9.55795E-02 -2.88178E-05
    0.600  0.24634     -1.21254E-04
    0.800  0.58608     -4.70962E-04
    1.000   1.2872     -1.68863E-03
    1.200   2.6096     -5.58904E-03
    1.400   4.8839     -1.70764E-02
    1.600   8.4376     -4.81631E-02
    1.800   13.456     -0.12540    
    2.000   19.810     -0.30138    
    2.200   26.922     -0.66866    
    2.400   33.774      -1.3694    
    2.600   39.113      -2.5891    
    2.800   41.813      -4.5186    
    3.000   41.262      -7.2797    
    3.200   37.588      -10.826    
    3.400   31.609      -14.863    
    3.600   24.537      -18.836    
    3.800   17.583      -22.035    
    4.000   11.631      -23.797    
    4.200   7.1025      -23.723    
    4.400   4.0036      -21.831    
    4.600   2.0833      -18.545    
    4.800   1.0007      -14.543    
    5.000  0.44372      -10.528    
    5.200  0.18163      -7.0350    
    5.400  6.86278E-02  -4.3397    
    5.600  2.39375E-02  -2.4712    
    5.800  7.70752E-03  -1.2990    
    6.000  2.29090E-03 -0.63032    
    6.200  6.28572E-04 -0.28234    
    6.400  1.59206E-04 -0.11675    
    6.600  3.72238E-05 -4.45631E-02
    6.800  8.03413E-06 -1.57022E-02
    7.000  1.60071E-06 -5.10740E-03
    7.200  2.94404E-07 -1.53355E-03
    7.400  4.99840E-08 -4.25060E-04
    7.600  7.83384E-09 -1.08758E-04
    7.800  1.13338E-09 -2.56878E-05
    8.000  1.51367E-10 -5.60079E-06
    8.200  1.86614E-11 -1.12727E-06
    8.400  2.12380E-12 -2.09442E-07
    8.600  2.23120E-13 -3.59217E-08
    8.800  2.16382E-14 -5.68729E-09
    9.000  1.93714E-15 -8.31209E-10
    9.200  1.60087E-16 -1.12143E-10
    9.400  1.22126E-17 -1.39666E-11
    9.600  8.60032E-19 -1.60570E-12
    9.800  5.59086E-20 -1.70410E-13
   10.000  3.35506E-21 -1.66948E-14
   10.200  1.85856E-22 -1.50982E-15
   10.400  9.50410E-24 -1.26045E-16
   10.600  4.48643E-25 -9.71365E-18
   10.800  1.95500E-26 -6.91027E-19
   11.000  7.86413E-28 -4.53800E-20
   11.200  2.92018E-29 -2.75100E-21
   11.400  1.00098E-30 -1.53948E-22
   11.600  1.12503E-31 -7.95265E-24
   11.800  1.12503E-31 -3.79234E-25
   12.000  1.12503E-31 -1.66939E-26
   12.200  1.12503E-31 -6.78370E-28
   12.400  1.12503E-31 -2.54467E-29
   12.600  1.12503E-31 -8.81155E-31
   12.800  1.12503E-31 -6.42873E-32
   13.000  1.12503E-31 -6.42873E-32
   13.200  1.12503E-31 -6.42873E-32
   13.400  1.12503E-31 -6.42873E-32
   13.600  1.12503E-31 -6.42873E-32
   13.800  1.12503E-31 -6.42873E-32
   14.000  1.12503E-31 -6.42873E-32
   14.200  1.12503E-31 -6.42873E-32
   14.400  1.12503E-31 -6.42873E-32
   14.600  1.12503E-31 -6.42873E-32
   14.800  1.12503E-31 -6.42873E-32
   15.000  1.12503E-31 -6.42873E-32
   15.200  1.12503E-31 -6.42873E-32
   15.400  1.12503E-31 -6.42873E-32
   15.600  1.12503E-31 -6.42873E-32
   15.800  1.12503E-31 -6.42873E-32
   16.000  1.12503E-31 -6.42873E-32
   16.200  1.12503E-31 -6.42873E-32
   16.400  1.12503E-31 -6.42873E-32
   16.600  1.12503E-31 -6.42873E-32
   16.800  1.12503E-31 -6.42873E-32
   17.000  1.12503E-31 -6.42873E-32
   17.200  1.12503E-31 -6.42873E-32
   17.400  1.12503E-31 -6.42873E-32
   17.600  1.12503E-31 -6.42873E-32
   17.800  1.12503E-31 -6.42873E-32
   18.000  1.12503E-31 -6.42873E-32
   18.200  1.12503E-31 -6.42873E-32
   18.400  1.12503E-31 -6.42873E-32
   18.600  1.12503E-31 -6.42873E-32
   18.800  1.12503E-31 -6.42873E-32
   19.000  1.12503E-31 -6.42873E-32
   19.200  1.12503E-31 -6.42873E-32
   19.400  1.12503E-31 -6.42873E-32
   19.600  1.12503E-31 -6.42873E-32
   19.800  1.12503E-31 -6.42873E-32
   20.000  1.12503E-31 -6.42873E-32
   20.200  1.12503E-31 -6.42873E-32
   20.400  1.12503E-31 -6.42873E-32
   20.600  1.12503E-31 -6.42873E-32
   20.800  1.12503E-31 -6.42873E-32
   21.000  1.12503E-31 -6.42873E-32
   21.200  1.12503E-31 -6.42873E-32
   21.400  1.12503E-31 -6.42873E-32
   21.600  1.12503E-31 -6.42873E-32
   21.800  1.12503E-31 -6.42873E-32
   22.000  1.12503E-31 -6.42873E-32
   22.200  1.12503E-31 -6.42873E-32
   22.400  1.12503E-31 -6.42873E-32
   22.600  1.12503E-31 -6.42873E-32
   22.800  1.12503E-31 -6.42873E-32
   23.000  1.12503E-31 -6.42873E-32
   23.200  1.12503E-31 -6.42873E-32
   23.400  1.12503E-31 -6.42873E-32
   23.600  1.12503E-31 -6.42873E-32
   23.800  1.12503E-31 -6.42873E-32
   24.000  1.12503E-31 -6.42873E-32
   24.200  1.12503E-31 -6.42873E-32
   24.400  1.12503E-31 -6.42873E-32
   24.600  1.12503E-31 -6.42873E-32
   24.800  1.12503E-31 -6.42873E-32
   25.000  1.12503E-31 -6.42873E-32
   25.200  1.12503E-31 -6.42873E-32
   25.400  1.12503E-31 -6.42873E-32
   25.600  1.12503E-31 -6.42873E-32
   25.800  1.12503E-31 -6.42873E-32
   26.000  1.12503E-31 -6.42873E-32
   26.200  1.12503E-31 -6.42873E-32
   26.400  1.12503E-31 -6.42873E-32
   26.600  1.12503E-31 -6.42873E-32
   26.800  1.12503E-31 -6.42873E-32
   27.000  1.12503E-31 -6.42873E-32
   27.200  1.12503E-31 -6.42873E-32
   27.400  1.12503E-31 -6.42873E-32
   27.600  1.12503E-31 -6.42873E-32
   27.800  1.12503E-31 -6.42873E-32
   28.000  1.12503E-31 -6.42873E-32
   28.200  1.12503E-31 -6.42873E-32
   28.400  1.12503E-31 -6.42873E-32
   28.600  1.12503E-31 -6.42873E-32
   28.800  1.12503E-31 -6.42873E-32
   29.000  1.12503E-31 -6.42873E-32
   29.200  1.12503E-31 -6.42873E-32
   29.400  1.12503E-31 -6.42873E-32
   29.600  1.12503E-31 -6.42873E-32
   29.800    0.000        0.000    
   30.000    0.000        0.000    
 &
#    0    0    0    0
#    0.0  1    1 : J,pi,NCH
##   1 LJ:    0   0.0   0.0   0.0   1   1
#    1    1    3
#    1  2.800000E+01  0.000000E+00
#    2  1.000000E+00  0.000000E+00
#    3  1.000000E+00  0.000000E+00
#    0.0  0    0 : J,pi,NCH
#    1.0 -1    1 : J,pi,NCH
##   1 LJ:    1   1.0   0.0   0.0   1   1
#    1    1    3
#    1  2.800000E+01  0.000000E+00
#    2  1.000000E+00  0.000000E+00
#    3  1.000000E+00  0.000000E+00
#    0.0  0    0 : J,pi,NCH
#    2.0  1    1 : J,pi,NCH
##   1 LJ:    2   2.0   0.0   0.0   1   1
#    1    1    3
#    1  2.800000E+01  0.000000E+00
#    2  1.000000E+00  0.000000E+00
#    3  1.000000E+00  0.000000E+00
#    0.0  0    0 : J,pi,NCH
#    3.0 -1    1 : J,pi,NCH
##   1 LJ:    3   3.0   0.0   0.0   1   1
#    1    1    3
#    1  2.800000E+01  0.000000E+00
#    2  1.000000E+00  0.000000E+00
#    3  1.000000E+00  0.000000E+00
#    0.0  0    0 : J,pi,NCH
#    4.0  1    1 : J,pi,NCH
##   1 LJ:    4   4.0   0.0   0.0   1   1
#    1    1    3
#    1  2.800000E+01  0.000000E+00
#    2  1.000000E+00  0.000000E+00
#    3  1.000000E+00  0.000000E+00
#    0.0  0    0 : J,pi,NCH
#    5.0 -1    1 : J,pi,NCH
##   1 LJ:    5   5.0   0.0   0.0   1   1
#    1    1    3
#    1  2.800000E+01  0.000000E+00
#    2  1.000000E+00  0.000000E+00
#    3  1.000000E+00  0.000000E+00
#    0.0  0    0 : J,pi,NCH
#    6.0  1    1 : J,pi,NCH
##   1 LJ:    6   6.0   0.0   0.0   1   1
#    1    1    3
#    1  2.800000E+01  0.000000E+00
#    2  1.000000E+00  0.000000E+00
#    3  1.000000E+00  0.000000E+00
#    0.0  0    0 : J,pi,NCH
#    7.0 -1    1 : J,pi,NCH
##   1 LJ:    7   7.0   0.0   0.0   1   1
#    1    1    3
#    1  2.800000E+01  0.000000E+00
#    2  1.000000E+00  0.000000E+00
#    3  1.000000E+00  0.000000E+00
#    0.0  0    0 : J,pi,NCH
#    8.0  1    1 : J,pi,NCH
##   1 LJ:    8   8.0   0.0   0.0   1   1
#    1    1    3
#    1  2.800000E+01  0.000000E+00
#    2  1.000000E+00  0.000000E+00
#    3  1.000000E+00  0.000000E+00
#    0.0  0    0 : J,pi,NCH
#    9.0 -1    1 : J,pi,NCH
##   1 LJ:    9   9.0   0.0   0.0   1   1
#    1    1    3
#    1  2.800000E+01  0.000000E+00
#    2  1.000000E+00  0.000000E+00
#    3  1.000000E+00  0.000000E+00
#    0.0  0    0 : J,pi,NCH
#   10.0  1    1 : J,pi,NCH
##   1 LJ:   10  10.0   0.0   0.0   1   1
#    1    1    3
#    1  2.800000E+01  0.000000E+00
#    2  1.000000E+00  0.000000E+00
#    3  1.000000E+00  0.000000E+00
#    0.0  0    0 : J,pi,NCH
#   11.0 -1    1 : J,pi,NCH
##   1 LJ:   11  11.0   0.0   0.0   1   1
#    1    1    3
#    1  2.800000E+01  0.000000E+00
#    2  1.000000E+00  0.000000E+00
#    3  1.000000E+00  0.000000E+00
#    0.0  0    0 : J,pi,NCH
#   12.0  1    1 : J,pi,NCH
##   1 LJ:   12  12.0   0.0   0.0   1   1
#    1    1    3
#    1  2.800000E+01  0.000000E+00
#    2  1.000000E+00  0.000000E+00
#    3  1.000000E+00  0.000000E+00
#    0.0  0    0 : J,pi,NCH
#   13.0 -1    1 : J,pi,NCH
##   1 LJ:   13  13.0   0.0   0.0   1   1
#    1    1    3
#    1  2.800000E+01  0.000000E+00
#    2  1.000000E+00  0.000000E+00
#    3  1.000000E+00  0.000000E+00
#    0.0  0    0 : J,pi,NCH
#   14.0  1    1 : J,pi,NCH
##   1 LJ:   14  14.0   0.0   0.0   1   1
#    1    1    3
#    1  2.800000E+01  0.000000E+00
#    2  1.000000E+00  0.000000E+00
#    3  1.000000E+00  0.000000E+00
#    0.0  0    0 : J,pi,NCH
#   15.0 -1    1 : J,pi,NCH
##   1 LJ:   15  15.0   0.0   0.0   1   1
#    1    1    3
#    1  2.800000E+01  0.000000E+00
#    2  1.000000E+00  0.000000E+00
#    3  1.000000E+00  0.000000E+00
#    0.0  0    0 : J,pi,NCH
#   16.0  1    1 : J,pi,NCH
##   1 LJ:   16  16.0   0.0   0.0   1   1
#    1    1    3
#    1  2.800000E+01  0.000000E+00
#    2  1.000000E+00  0.000000E+00
#    3  1.000000E+00  0.000000E+00
#    0.0  0    0 : J,pi,NCH
#   17.0 -1    1 : J,pi,NCH
##   1 LJ:   17  17.0   0.0   0.0   1   1
#    1    1    3
#    1  2.800000E+01  0.000000E+00
#    2  1.000000E+00  0.000000E+00
#    3  1.000000E+00  0.000000E+00
#    0.0  0    0 : J,pi,NCH
#   18.0  1    1 : J,pi,NCH
##   1 LJ:   18  18.0   0.0   0.0   1   1
#    1    1    3
#    1  2.800000E+01  0.000000E+00
#    2  1.000000E+00  0.000000E+00
#    3  1.000000E+00  0.000000E+00
#    0.0  0    0 : J,pi,NCH
#   19.0 -1    1 : J,pi,NCH
##   1 LJ:   19  19.0   0.0   0.0   1   1
#    1    1    3
#    1  2.800000E+01  0.000000E+00
#    2  1.000000E+00  0.000000E+00
#    3  1.000000E+00  0.000000E+00
#    0.0  0    0 : J,pi,NCH
#   20.0  1    1 : J,pi,NCH
##   1 LJ:   20  20.0   0.0   0.0   1   1
#    1    1    3
#    1  2.800000E+01  0.000000E+00
#    2  1.000000E+00  0.000000E+00
#    3  1.000000E+00  0.000000E+00
#    0.0  0    0 : J,pi,NCH
#   21.0 -1    1 : J,pi,NCH
##   1 LJ:   21  21.0   0.0   0.0   1   1
#    1    1    3
#    1  2.800000E+01  0.000000E+00
#    2  1.000000E+00  0.000000E+00
#    3  1.000000E+00  0.000000E+00
#    0.0  0    0 : J,pi,NCH
#   22.0  1    1 : J,pi,NCH
##   1 LJ:   22  22.0   0.0   0.0   1   1
#    1    1    3
#    1  2.800000E+01  0.000000E+00
#    2  1.000000E+00  0.000000E+00
#    3  1.000000E+00  0.000000E+00
#    0.0  0    0 : J,pi,NCH
#   23.0 -1    1 : J,pi,NCH
##   1 LJ:   23  23.0   0.0   0.0   1   1
#    1    1    3
#    1  2.800000E+01  0.000000E+00
#    2  1.000000E+00  0.000000E+00
#    3  1.000000E+00  0.000000E+00
#    0.0  0    0 : J,pi,NCH
#   24.0  1    1 : J,pi,NCH
##   1 LJ:   24  24.0   0.0   0.0   1   1
#    1    1    3
#    1  2.800000E+01  0.000000E+00
#    2  1.000000E+00  0.000000E+00
#    3  1.000000E+00  0.000000E+00
#    0.0  0    0 : J,pi,NCH
#   25.0 -1    1 : J,pi,NCH
##   1 LJ:   25  25.0   0.0   0.0   1   1
#    1    1    3
#    1  2.800000E+01  0.000000E+00
#    2  1.000000E+00  0.000000E+00
#    3  1.000000E+00  0.000000E+00
#    0.0  0    0 : J,pi,NCH
#   26.0  1    1 : J,pi,NCH
##   1 LJ:   26  26.0   0.0   0.0   1   1
#    1    1    3
#    1  2.800000E+01  0.000000E+00
#    2  1.000000E+00  0.000000E+00
#    3  1.000000E+00  0.000000E+00
#    0.0  0    0 : J,pi,NCH
#   27.0 -1    1 : J,pi,NCH
##   1 LJ:   27  27.0   0.0   0.0   1   1
#    1    1    3
#    1  2.800000E+01  0.000000E+00
#    2  1.000000E+00  0.000000E+00
#    3  1.000000E+00  0.000000E+00
#    0.0  0    0 : J,pi,NCH
#   28.0  1    1 : J,pi,NCH
##   1 LJ:   28  28.0   0.0   0.0   1   1
#    1    1    3
#    1  2.800000E+01  0.000000E+00
#    2  1.000000E+00  0.000000E+00
#    3  1.000000E+00  0.000000E+00
#    0.0  0    0 : J,pi,NCH
#   29.0 -1    1 : J,pi,NCH
##   1 LJ:   29  29.0   0.0   0.0   1   1
#    1    1    3
#    1  2.800000E+01  0.000000E+00
#    2  1.000000E+00  0.000000E+00
#    3  1.000000E+00  0.000000E+00
#    0.0  0    0 : J,pi,NCH
#   30.0  1    1 : J,pi,NCH
##   1 LJ:   30  30.0   0.0   0.0   1   1
#    1    1    3
#    1  2.800000E+01  0.000000E+00
#    2  1.000000E+00  0.000000E+00
#    3  1.000000E+00  0.000000E+00
#    0.0  0    0 : J,pi,NCH
#   31.0 -1    1 : J,pi,NCH
##   1 LJ:   31  31.0   0.0   0.0   1   1
#    1    1    3
#    1  2.800000E+01  0.000000E+00
#    2  1.000000E+00  0.000000E+00
#    3  1.000000E+00  0.000000E+00
#    0.0  0    0 : J,pi,NCH
#   32.0  1    1 : J,pi,NCH
##   1 LJ:   32  32.0   0.0   0.0   1   1
#    1    1    3
#    1  2.800000E+01  0.000000E+00
#    2  1.000000E+00  0.000000E+00
#    3  1.000000E+00  0.000000E+00
#    0.0  0    0 : J,pi,NCH
#   33.0 -1    1 : J,pi,NCH
##   1 LJ:   33  33.0   0.0   0.0   1   1
#    1    1    3
#    1  2.800000E+01  0.000000E+00
#    2  1.000000E+00  0.000000E+00
#    3  1.000000E+00  0.000000E+00
#    0.0  0    0 : J,pi,NCH
