 0. 0. 0. 0. 116 1 28.
 5.
  1.0067E+02  1.9403E+02
 6.5
  1.1639E+02  2.7514E+01
 8.
  6.4633E+01 -3.5943E+01
 9.5
  2.1454E+01 -4.7098E+01
 11.
 -3.5073E+00 -3.9092E+01
 12.5
 -1.4645E+01 -2.6670E+01
 14.
 -1.7377E+01 -1.5358E+01
 15.5
 -1.5664E+01 -6.7270E+00
 17.
 -1.2012E+01 -8.1252E-01
 18.5
 -7.8839E+00  2.8536E+00
 20.
 -4.0742E+00  4.8284E+00
 21.5
 -9.6297E-01  5.6093E+00
 23.
  1.3182E+00  5.5932E+00
 24.5
  2.7835E+00  5.0788E+00
 26.
  3.5283E+00  4.2825E+00
 27.5
  3.6880E+00  3.3563E+00
 29.
  3.4120E+00  2.4043E+00
 30.5
  2.8463E+00  1.4956E+00
 32.
  2.1225E+00  6.7482E-01
 33.5
  1.3515E+00 -3.0930E-02
 35.
  6.2012E-01 -6.0660E-01
 36.5
 -1.0152E-02 -1.0458E+00
 38.
 -5.0163E-01 -1.3488E+00
 39.5
 -8.3809E-01 -1.5206E+00
 41.
 -1.0212E+00 -1.5708E+00
 42.5
 -1.0663E+00 -1.5126E+00
 44.
 -9.9829E-01 -1.3627E+00
 45.5
 -8.4737E-01 -1.1400E+00
 47.
 -6.4522E-01 -8.6590E-01
 48.5
 -4.2194E-01 -5.6243E-01
 50.
 -2.0363E-01 -2.5179E-01
 51.5
 -1.0765E-02  4.5062E-02
 53.
  1.4260E-01  3.0946E-01
 54.5
  2.4896E-01  5.2613E-01
 56.
  3.0692E-01  6.8396E-01
 57.5
  3.2018E-01  7.7660E-01
 59.
  2.9634E-01  8.0266E-01
 60.5
  2.4547E-01  7.6556E-01
 62.
  1.7870E-01  6.7301E-01
 63.5
  1.0695E-01  5.3623E-01
 65.
  3.9797E-02  3.6891E-01
 66.5
 -1.5282E-02  1.8603E-01
 68.
 -5.3418E-02  2.6231E-03
 69.5
 -7.2511E-02 -1.6734E-01
 71.
 -7.3096E-02 -3.1197E-01
 72.5
 -5.7967E-02 -4.2226E-01
 74.
 -3.1601E-02 -4.9252E-01
 75.5
  5.1556E-04 -5.2063E-01
 77.
  3.2607E-02 -5.0789E-01
 78.5
  5.9289E-02 -4.5867E-01
 80.
  7.6154E-02 -3.7983E-01
 81.5
  8.0203E-02 -2.7989E-01
 83.
  7.0106E-02 -1.6830E-01
 84.5
  4.6270E-02 -5.4532E-02
 86.
  1.0731E-02  5.2674E-02
 87.5
 -3.3126E-02  1.4595E-01
 89.
 -8.0955E-02  2.1980E-01
 90.5
 -1.2792E-01  2.7085E-01
 92.
 -1.6921E-01  2.9795E-01
 93.5
 -2.0048E-01  3.0205E-01
 95.
 -2.1830E-01  2.8588E-01
 96.5
 -2.2046E-01  2.5360E-01
 98.
 -2.0614E-01  2.1024E-01
 99.5
 -1.7595E-01  1.6117E-01
 101.
 -1.3187E-01  1.1161E-01
 102.5
 -7.7043E-02  6.6165E-02
 104.
 -1.5453E-02  2.8446E-02
 105.5
  4.8429E-02  8.5443E-04
 107.
  1.1004E-01 -1.5539E-02
 108.5
  1.6512E-01 -2.0960E-02
 110.
  2.1003E-01 -1.6793E-02
 111.5
  2.4208E-01 -5.3308E-03
 113.
  2.5966E-01  1.0525E-02
 114.5
  2.6235E-01  2.7613E-02
 116.
  2.5091E-01  4.2853E-02
 117.5
  2.2712E-01  5.3555E-02
 119.
  1.9362E-01  5.7673E-02
 120.5
  1.5366E-01  5.3976E-02
 122.
  1.1073E-01  4.2131E-02
 123.5
  6.8353E-02  2.2692E-02
 125.
  2.9713E-02 -2.9889E-03
 126.5
 -2.5348E-03 -3.2937E-02
 128.
 -2.6477E-02 -6.4768E-02
 129.5
 -4.1051E-02 -9.5936E-02
 131.
 -4.6083E-02 -1.2399E-01
 132.5
 -4.2251E-02 -1.4680E-01
 134.
 -3.0975E-02 -1.6274E-01
 135.5
 -1.4259E-02 -1.7085E-01
 137.
  5.5174E-03 -1.7088E-01
 138.5
  2.5821E-02 -1.6328E-01
 140.
  4.4191E-02 -1.4914E-01
 141.5
  5.8444E-02 -1.3009E-01
 143.
  6.6855E-02 -1.0809E-01
 144.5
  6.8286E-02 -8.5235E-02
 146.
  6.2261E-02 -6.3597E-02
 147.5
  4.8988E-02 -4.4991E-02
 149.
  2.9326E-02 -3.0835E-02
 150.5
  4.6976E-03 -2.2034E-02
 152.
 -2.3038E-02 -1.8917E-02
 153.5
 -5.1740E-02 -2.1229E-02
 155.
 -7.9157E-02 -2.8186E-02
 156.5
 -1.0310E-01 -3.8570E-02
 158.
 -1.2163E-01 -5.0868E-02
 159.5
 -1.3315E-01 -6.3432E-02
 161.
 -1.3659E-01 -7.4647E-02
 162.5
 -1.3140E-01 -8.3095E-02
 164.
 -1.1767E-01 -8.7687E-02
 165.5
 -9.6053E-02 -8.7770E-02
 167.
 -6.7750E-02 -8.3180E-02
 168.5
 -3.4419E-02 -7.4252E-02
 170.
  1.9389E-03 -6.1776E-02
 171.5
  3.9109E-02 -4.6917E-02
 173.
  7.4811E-02 -3.1089E-02
 174.5
  1.0685E-01 -1.5814E-02
 176.
  1.3324E-01 -2.5680E-03
 177.5
  1.5236E-01  7.3636E-03
