# Potential at   1: KP=  1 of type  0 and multipole =  0
   0.000   2.301059E-01   0.000000E+00
   0.040   2.301059E-01   0.000000E+00
   0.080   2.301017E-01   0.000000E+00
   0.120   2.300947E-01   0.000000E+00
   0.160   2.300850E-01   0.000000E+00
   0.200   2.300724E-01   0.000000E+00
   0.240   2.300571E-01   0.000000E+00
   0.280   2.300390E-01   0.000000E+00
   0.320   2.300181E-01   0.000000E+00
   0.360   2.299944E-01   0.000000E+00
   0.400   2.299680E-01   0.000000E+00
   0.440   2.299387E-01   0.000000E+00
   0.480   2.299067E-01   0.000000E+00
   0.520   2.298719E-01   0.000000E+00
   0.560   2.298343E-01   0.000000E+00
   0.600   2.297939E-01   0.000000E+00
   0.640   2.297507E-01   0.000000E+00
   0.680   2.297047E-01   0.000000E+00
   0.720   2.296560E-01   0.000000E+00
   0.760   2.296044E-01   0.000000E+00
   0.800   2.295501E-01   0.000000E+00
   0.840   2.294930E-01   0.000000E+00
   0.880   2.294331E-01   0.000000E+00
   0.920   2.293704E-01   0.000000E+00
   0.960   2.293050E-01   0.000000E+00
   1.000   2.292367E-01   0.000000E+00
   1.040   2.291657E-01   0.000000E+00
   1.080   2.290919E-01   0.000000E+00
   1.120   2.290153E-01   0.000000E+00
   1.160   2.289359E-01   0.000000E+00
   1.200   2.288537E-01   0.000000E+00
   1.240   2.287687E-01   0.000000E+00
   1.280   2.286810E-01   0.000000E+00
   1.320   2.285904E-01   0.000000E+00
   1.360   2.284971E-01   0.000000E+00
   1.400   2.284010E-01   0.000000E+00
   1.440   2.283021E-01   0.000000E+00
   1.480   2.282004E-01   0.000000E+00
   1.520   2.280960E-01   0.000000E+00
   1.560   2.279887E-01   0.000000E+00
   1.600   2.278787E-01   0.000000E+00
   1.640   2.277659E-01   0.000000E+00
   1.680   2.276503E-01   0.000000E+00
   1.720   2.275319E-01   0.000000E+00
   1.760   2.274107E-01   0.000000E+00
   1.800   2.272867E-01   0.000000E+00
   1.840   2.271600E-01   0.000000E+00
   1.880   2.270305E-01   0.000000E+00
   1.920   2.268981E-01   0.000000E+00
   1.960   2.267630E-01   0.000000E+00
   2.000   2.266251E-01   0.000000E+00
   2.040   2.264845E-01   0.000000E+00
   2.080   2.263410E-01   0.000000E+00
   2.120   2.261947E-01   0.000000E+00
   2.160   2.260457E-01   0.000000E+00
   2.200   2.258939E-01   0.000000E+00
   2.240   2.257393E-01   0.000000E+00
   2.280   2.255819E-01   0.000000E+00
   2.320   2.254217E-01   0.000000E+00
   2.360   2.252588E-01   0.000000E+00
   2.400   2.250930E-01   0.000000E+00
   2.440   2.249245E-01   0.000000E+00
   2.480   2.247531E-01   0.000000E+00
   2.520   2.245790E-01   0.000000E+00
   2.560   2.244022E-01   0.000000E+00
   2.600   2.242225E-01   0.000000E+00
   2.640   2.240400E-01   0.000000E+00
   2.680   2.238548E-01   0.000000E+00
   2.720   2.236667E-01   0.000000E+00
   2.760   2.234759E-01   0.000000E+00
   2.800   2.232823E-01   0.000000E+00
   2.840   2.230859E-01   0.000000E+00
   2.880   2.228867E-01   0.000000E+00
   2.920   2.226848E-01   0.000000E+00
   2.960   2.224800E-01   0.000000E+00
   3.000   2.222725E-01   0.000000E+00
   3.040   2.220622E-01   0.000000E+00
   3.080   2.218491E-01   0.000000E+00
   3.120   2.216332E-01   0.000000E+00
   3.160   2.214145E-01   0.000000E+00
   3.200   2.211930E-01   0.000000E+00
   3.240   2.209688E-01   0.000000E+00
   3.280   2.207418E-01   0.000000E+00
   3.320   2.205119E-01   0.000000E+00
   3.360   2.202793E-01   0.000000E+00
   3.400   2.200439E-01   0.000000E+00
   3.440   2.198058E-01   0.000000E+00
   3.480   2.195648E-01   0.000000E+00
   3.520   2.193210E-01   0.000000E+00
   3.560   2.190745E-01   0.000000E+00
   3.600   2.188252E-01   0.000000E+00
   3.640   2.185731E-01   0.000000E+00
   3.680   2.183182E-01   0.000000E+00
   3.720   2.180605E-01   0.000000E+00
   3.760   2.178001E-01   0.000000E+00
   3.800   2.175368E-01   0.000000E+00
   3.840   2.172708E-01   0.000000E+00
   3.880   2.170020E-01   0.000000E+00
   3.920   2.167304E-01   0.000000E+00
   3.960   2.164560E-01   0.000000E+00
   4.000   2.161788E-01   0.000000E+00
   4.040   2.158988E-01   0.000000E+00
   4.080   2.156161E-01   0.000000E+00
   4.120   2.153305E-01   0.000000E+00
   4.160   2.150422E-01   0.000000E+00
   4.200   2.147511E-01   0.000000E+00
   4.240   2.144572E-01   0.000000E+00
   4.280   2.141606E-01   0.000000E+00
   4.320   2.138611E-01   0.000000E+00
   4.360   2.135588E-01   0.000000E+00
   4.400   2.132538E-01   0.000000E+00
   4.440   2.129460E-01   0.000000E+00
   4.480   2.126354E-01   0.000000E+00
   4.520   2.123220E-01   0.000000E+00
   4.560   2.120058E-01   0.000000E+00
   4.600   2.116869E-01   0.000000E+00
   4.640   2.113651E-01   0.000000E+00
   4.680   2.110406E-01   0.000000E+00
   4.720   2.107133E-01   0.000000E+00
   4.760   2.103832E-01   0.000000E+00
   4.800   2.100503E-01   0.000000E+00
   4.840   2.097146E-01   0.000000E+00
   4.880   2.093761E-01   0.000000E+00
   4.920   2.090349E-01   0.000000E+00
   4.960   2.086908E-01   0.000000E+00
   5.000   2.083440E-01   0.000000E+00
   5.040   2.079944E-01   0.000000E+00
   5.080   2.076420E-01   0.000000E+00
   5.120   2.072869E-01   0.000000E+00
   5.160   2.069289E-01   0.000000E+00
   5.200   2.065682E-01   0.000000E+00
   5.240   2.062046E-01   0.000000E+00
   5.280   2.058383E-01   0.000000E+00
   5.320   2.054692E-01   0.000000E+00
   5.360   2.050973E-01   0.000000E+00
   5.400   2.047226E-01   0.000000E+00
   5.440   2.043452E-01   0.000000E+00
   5.480   2.039649E-01   0.000000E+00
   5.520   2.035819E-01   0.000000E+00
   5.560   2.031961E-01   0.000000E+00
   5.600   2.028075E-01   0.000000E+00
   5.640   2.024161E-01   0.000000E+00
   5.680   2.020219E-01   0.000000E+00
   5.720   2.016249E-01   0.000000E+00
   5.760   2.012252E-01   0.000000E+00
   5.800   2.008227E-01   0.000000E+00
   5.840   2.004173E-01   0.000000E+00
   5.880   2.000092E-01   0.000000E+00
   5.920   1.995983E-01   0.000000E+00
   5.960   1.991847E-01   0.000000E+00
   6.000   1.987682E-01   0.000000E+00
   6.040   1.983490E-01   0.000000E+00
   6.080   1.979269E-01   0.000000E+00
   6.120   1.975021E-01   0.000000E+00
   6.160   1.970745E-01   0.000000E+00
   6.200   1.966441E-01   0.000000E+00
   6.240   1.962109E-01   0.000000E+00
   6.280   1.957750E-01   0.000000E+00
   6.320   1.953362E-01   0.000000E+00
   6.360   1.948947E-01   0.000000E+00
   6.400   1.944504E-01   0.000000E+00
   6.440   1.940033E-01   0.000000E+00
   6.480   1.935534E-01   0.000000E+00
   6.520   1.931007E-01   0.000000E+00
   6.560   1.926453E-01   0.000000E+00
   6.600   1.921870E-01   0.000000E+00
   6.640   1.917260E-01   0.000000E+00
   6.680   1.912622E-01   0.000000E+00
   6.720   1.907956E-01   0.000000E+00
   6.760   1.903262E-01   0.000000E+00
   6.800   1.898540E-01   0.000000E+00
   6.840   1.893790E-01   0.000000E+00
   6.880   1.889013E-01   0.000000E+00
   6.920   1.884208E-01   0.000000E+00
   6.960   1.879374E-01   0.000000E+00
   7.000   1.874513E-01   0.000000E+00
   7.040   1.869624E-01   0.000000E+00
   7.080   1.864708E-01   0.000000E+00
   7.120   1.859763E-01   0.000000E+00
   7.160   1.854791E-01   0.000000E+00
   7.200   1.849790E-01   0.000000E+00
   7.240   1.844762E-01   0.000000E+00
   7.280   1.839706E-01   0.000000E+00
   7.320   1.834622E-01   0.000000E+00
   7.360   1.829511E-01   0.000000E+00
   7.400   1.824371E-01   0.000000E+00
   7.440   1.819203E-01   0.000000E+00
   7.480   1.814008E-01   0.000000E+00
   7.520   1.808785E-01   0.000000E+00
   7.560   1.803534E-01   0.000000E+00
   7.600   1.798255E-01   0.000000E+00
   7.640   1.792948E-01   0.000000E+00
   7.680   1.787614E-01   0.000000E+00
   7.720   1.782251E-01   0.000000E+00
   7.760   1.776861E-01   0.000000E+00
   7.800   1.771443E-01   0.000000E+00
   7.840   1.765997E-01   0.000000E+00
   7.880   1.760523E-01   0.000000E+00
   7.920   1.755021E-01   0.000000E+00
   7.960   1.749491E-01   0.000000E+00
   8.000   1.743934E-01   0.000000E+00
   8.040   1.738349E-01   0.000000E+00
   8.080   1.732736E-01   0.000000E+00
   8.120   1.727095E-01   0.000000E+00
   8.160   1.721426E-01   0.000000E+00
   8.200   1.715729E-01   0.000000E+00
   8.240   1.710004E-01   0.000000E+00
   8.280   1.704252E-01   0.000000E+00
   8.320   1.698472E-01   0.000000E+00
   8.360   1.692663E-01   0.000000E+00
   8.400   1.686827E-01   0.000000E+00
   8.440   1.680963E-01   0.000000E+00
   8.480   1.675072E-01   0.000000E+00
   8.520   1.669152E-01   0.000000E+00
   8.560   1.663205E-01   0.000000E+00
   8.600   1.657229E-01   0.000000E+00
   8.640   1.651226E-01   0.000000E+00
   8.680   1.645195E-01   0.000000E+00
   8.720   1.639136E-01   0.000000E+00
   8.760   1.633050E-01   0.000000E+00
   8.800   1.626935E-01   0.000000E+00
   8.840   1.620793E-01   0.000000E+00
   8.880   1.614622E-01   0.000000E+00
   8.920   1.608424E-01   0.000000E+00
   8.960   1.602198E-01   0.000000E+00
   9.000   1.595944E-01   0.000000E+00
   9.040   1.589662E-01   0.000000E+00
   9.080   1.583353E-01   0.000000E+00
   9.120   1.577015E-01   0.000000E+00
   9.160   1.570650E-01   0.000000E+00
   9.200   1.564257E-01   0.000000E+00
   9.240   1.557836E-01   0.000000E+00
   9.280   1.551387E-01   0.000000E+00
   9.320   1.544910E-01   0.000000E+00
   9.360   1.538406E-01   0.000000E+00
   9.400   1.531878E-01   0.000000E+00
   9.440   1.525387E-01   0.000000E+00
   9.480   1.518951E-01   0.000000E+00
   9.520   1.512568E-01   0.000000E+00
   9.560   1.506240E-01   0.000000E+00
   9.600   1.499964E-01   0.000000E+00
   9.640   1.493740E-01   0.000000E+00
   9.680   1.487567E-01   0.000000E+00
   9.720   1.481446E-01   0.000000E+00
   9.760   1.475374E-01   0.000000E+00
   9.800   1.469352E-01   0.000000E+00
   9.840   1.463379E-01   0.000000E+00
   9.880   1.457455E-01   0.000000E+00
   9.920   1.451578E-01   0.000000E+00
   9.960   1.445748E-01   0.000000E+00
  10.000   1.439965E-01   0.000000E+00
  10.040   1.434228E-01   0.000000E+00
  10.080   1.428537E-01   0.000000E+00
  10.120   1.422890E-01   0.000000E+00
  10.160   1.417289E-01   0.000000E+00
  10.200   1.411731E-01   0.000000E+00
  10.240   1.406216E-01   0.000000E+00
  10.280   1.400744E-01   0.000000E+00
  10.320   1.395315E-01   0.000000E+00
  10.360   1.389928E-01   0.000000E+00
  10.400   1.384582E-01   0.000000E+00
  10.440   1.379277E-01   0.000000E+00
  10.480   1.374013E-01   0.000000E+00
  10.520   1.368788E-01   0.000000E+00
  10.560   1.363603E-01   0.000000E+00
  10.600   1.358458E-01   0.000000E+00
  10.640   1.353351E-01   0.000000E+00
  10.680   1.348282E-01   0.000000E+00
  10.720   1.343251E-01   0.000000E+00
  10.760   1.338258E-01   0.000000E+00
  10.800   1.333301E-01   0.000000E+00
  10.840   1.328381E-01   0.000000E+00
  10.880   1.323497E-01   0.000000E+00
  10.920   1.318649E-01   0.000000E+00
  10.960   1.313837E-01   0.000000E+00
  11.000   1.309059E-01   0.000000E+00
  11.040   1.304316E-01   0.000000E+00
  11.080   1.299608E-01   0.000000E+00
  11.120   1.294933E-01   0.000000E+00
  11.160   1.290291E-01   0.000000E+00
  11.200   1.285683E-01   0.000000E+00
  11.240   1.281108E-01   0.000000E+00
  11.280   1.276565E-01   0.000000E+00
  11.320   1.272054E-01   0.000000E+00
  11.360   1.267575E-01   0.000000E+00
  11.400   1.263127E-01   0.000000E+00
  11.440   1.258711E-01   0.000000E+00
  11.480   1.254325E-01   0.000000E+00
  11.520   1.249970E-01   0.000000E+00
  11.560   1.245645E-01   0.000000E+00
  11.600   1.241349E-01   0.000000E+00
  11.640   1.237083E-01   0.000000E+00
  11.680   1.232847E-01   0.000000E+00
  11.720   1.228639E-01   0.000000E+00
  11.760   1.224460E-01   0.000000E+00
  11.800   1.220309E-01   0.000000E+00
  11.840   1.216187E-01   0.000000E+00
  11.880   1.212092E-01   0.000000E+00
  11.920   1.208024E-01   0.000000E+00
  11.960   1.203984E-01   0.000000E+00
  12.000   1.199971E-01   0.000000E+00
  12.040   1.195984E-01   0.000000E+00
  12.080   1.192024E-01   0.000000E+00
  12.120   1.188090E-01   0.000000E+00
  12.160   1.184182E-01   0.000000E+00
  12.200   1.180299E-01   0.000000E+00
  12.240   1.176442E-01   0.000000E+00
  12.280   1.172610E-01   0.000000E+00
  12.320   1.168803E-01   0.000000E+00
  12.360   1.165020E-01   0.000000E+00
  12.400   1.161262E-01   0.000000E+00
  12.440   1.157528E-01   0.000000E+00
  12.480   1.153818E-01   0.000000E+00
  12.520   1.150132E-01   0.000000E+00
  12.560   1.146469E-01   0.000000E+00
  12.600   1.142829E-01   0.000000E+00
  12.640   1.139213E-01   0.000000E+00
  12.680   1.135619E-01   0.000000E+00
  12.720   1.132048E-01   0.000000E+00
  12.760   1.128499E-01   0.000000E+00
  12.800   1.124973E-01   0.000000E+00
  12.840   1.121468E-01   0.000000E+00
  12.880   1.117985E-01   0.000000E+00
  12.920   1.114524E-01   0.000000E+00
  12.960   1.111084E-01   0.000000E+00
  13.000   1.107666E-01   0.000000E+00
  13.040   1.104268E-01   0.000000E+00
  13.080   1.100891E-01   0.000000E+00
  13.120   1.097534E-01   0.000000E+00
  13.160   1.094198E-01   0.000000E+00
  13.200   1.090883E-01   0.000000E+00
  13.240   1.087587E-01   0.000000E+00
  13.280   1.084311E-01   0.000000E+00
  13.320   1.081055E-01   0.000000E+00
  13.360   1.077818E-01   0.000000E+00
  13.400   1.074601E-01   0.000000E+00
  13.440   1.071403E-01   0.000000E+00
  13.480   1.068223E-01   0.000000E+00
  13.520   1.065063E-01   0.000000E+00
  13.560   1.061921E-01   0.000000E+00
  13.600   1.058798E-01   0.000000E+00
  13.640   1.055693E-01   0.000000E+00
  13.680   1.052606E-01   0.000000E+00
  13.720   1.049537E-01   0.000000E+00
  13.760   1.046486E-01   0.000000E+00
  13.800   1.043453E-01   0.000000E+00
  13.840   1.040437E-01   0.000000E+00
  13.880   1.037439E-01   0.000000E+00
  13.920   1.034458E-01   0.000000E+00
  13.960   1.031494E-01   0.000000E+00
  14.000   1.028547E-01   0.000000E+00
  14.040   1.025616E-01   0.000000E+00
  14.080   1.022703E-01   0.000000E+00
  14.120   1.019805E-01   0.000000E+00
  14.160   1.016925E-01   0.000000E+00
  14.200   1.014060E-01   0.000000E+00
  14.240   1.011211E-01   0.000000E+00
  14.280   1.008379E-01   0.000000E+00
  14.320   1.005562E-01   0.000000E+00
  14.360   1.002761E-01   0.000000E+00
  14.400   9.999758E-02   0.000000E+00
  14.440   9.972058E-02   0.000000E+00
  14.480   9.944511E-02   0.000000E+00
  14.520   9.917115E-02   0.000000E+00
  14.560   9.889871E-02   0.000000E+00
  14.600   9.862775E-02   0.000000E+00
  14.640   9.835828E-02   0.000000E+00
  14.680   9.809027E-02   0.000000E+00
  14.720   9.782372E-02   0.000000E+00
  14.760   9.755861E-02   0.000000E+00
  14.800   9.729494E-02   0.000000E+00
  14.840   9.703269E-02   0.000000E+00
  14.880   9.677185E-02   0.000000E+00
  14.920   9.651241E-02   0.000000E+00
  14.960   9.625435E-02   0.000000E+00
  15.000   9.599768E-02   0.000000E+00
  15.040   9.574236E-02   0.000000E+00
  15.080   9.548841E-02   0.000000E+00
  15.120   9.523579E-02   0.000000E+00
  15.160   9.498451E-02   0.000000E+00
  15.200   9.473455E-02   0.000000E+00
  15.240   9.448590E-02   0.000000E+00
  15.280   9.423856E-02   0.000000E+00
  15.320   9.399250E-02   0.000000E+00
  15.360   9.374773E-02   0.000000E+00
  15.400   9.350423E-02   0.000000E+00
  15.440   9.326199E-02   0.000000E+00
  15.480   9.302100E-02   0.000000E+00
  15.520   9.278126E-02   0.000000E+00
  15.560   9.254275E-02   0.000000E+00
  15.600   9.230546E-02   0.000000E+00
  15.640   9.206938E-02   0.000000E+00
  15.680   9.183451E-02   0.000000E+00
  15.720   9.160084E-02   0.000000E+00
  15.760   9.136835E-02   0.000000E+00
  15.800   9.113703E-02   0.000000E+00
  15.840   9.090689E-02   0.000000E+00
  15.880   9.067791E-02   0.000000E+00
  15.920   9.045007E-02   0.000000E+00
  15.960   9.022338E-02   0.000000E+00
  16.000   8.999782E-02   0.000000E+00
  16.040   8.977339E-02   0.000000E+00
  16.080   8.955007E-02   0.000000E+00
  16.120   8.932786E-02   0.000000E+00
  16.160   8.910675E-02   0.000000E+00
  16.200   8.888674E-02   0.000000E+00
  16.240   8.866780E-02   0.000000E+00
  16.280   8.844995E-02   0.000000E+00
  16.320   8.823316E-02   0.000000E+00
  16.360   8.801743E-02   0.000000E+00
  16.400   8.780275E-02   0.000000E+00
  16.440   8.758912E-02   0.000000E+00
  16.480   8.737653E-02   0.000000E+00
  16.520   8.716496E-02   0.000000E+00
  16.560   8.695442E-02   0.000000E+00
  16.600   8.674489E-02   0.000000E+00
  16.640   8.653637E-02   0.000000E+00
  16.680   8.632885E-02   0.000000E+00
  16.720   8.612232E-02   0.000000E+00
  16.760   8.591678E-02   0.000000E+00
  16.800   8.571221E-02   0.000000E+00
  16.840   8.550862E-02   0.000000E+00
  16.880   8.530599E-02   0.000000E+00
  16.920   8.510432E-02   0.000000E+00
  16.960   8.490361E-02   0.000000E+00
  17.000   8.470383E-02   0.000000E+00
  17.040   8.450500E-02   0.000000E+00
  17.080   8.430709E-02   0.000000E+00
  17.120   8.411011E-02   0.000000E+00
  17.160   8.391405E-02   0.000000E+00
  17.200   8.371890E-02   0.000000E+00
  17.240   8.352466E-02   0.000000E+00
  17.280   8.333132E-02   0.000000E+00
  17.320   8.313887E-02   0.000000E+00
  17.360   8.294730E-02   0.000000E+00
  17.400   8.275662E-02   0.000000E+00
  17.440   8.256681E-02   0.000000E+00
  17.480   8.237787E-02   0.000000E+00
  17.520   8.218979E-02   0.000000E+00
  17.560   8.200257E-02   0.000000E+00
  17.600   8.181620E-02   0.000000E+00
  17.640   8.163068E-02   0.000000E+00
  17.680   8.144599E-02   0.000000E+00
  17.720   8.126214E-02   0.000000E+00
  17.760   8.107912E-02   0.000000E+00
  17.800   8.089692E-02   0.000000E+00
  17.840   8.071554E-02   0.000000E+00
  17.880   8.053496E-02   0.000000E+00
  17.920   8.035520E-02   0.000000E+00
  17.960   8.017623E-02   0.000000E+00
  18.000   7.999806E-02   0.000000E+00
  18.040   7.982068E-02   0.000000E+00
  18.080   7.964409E-02   0.000000E+00
  18.120   7.946828E-02   0.000000E+00
  18.160   7.929324E-02   0.000000E+00
  18.200   7.911896E-02   0.000000E+00
  18.240   7.894546E-02   0.000000E+00
  18.280   7.877271E-02   0.000000E+00
  18.320   7.860072E-02   0.000000E+00
  18.360   7.842947E-02   0.000000E+00
  18.400   7.825898E-02   0.000000E+00
  18.440   7.808922E-02   0.000000E+00
  18.480   7.792019E-02   0.000000E+00
  18.520   7.775190E-02   0.000000E+00
  18.560   7.758433E-02   0.000000E+00
  18.600   7.741748E-02   0.000000E+00
  18.640   7.725135E-02   0.000000E+00
  18.680   7.708593E-02   0.000000E+00
  18.720   7.692122E-02   0.000000E+00
  18.760   7.675720E-02   0.000000E+00
  18.800   7.659389E-02   0.000000E+00
  18.840   7.643127E-02   0.000000E+00
  18.880   7.626934E-02   0.000000E+00
  18.920   7.610809E-02   0.000000E+00
  18.960   7.594753E-02   0.000000E+00
  19.000   7.578764E-02   0.000000E+00
  19.040   7.562842E-02   0.000000E+00
  19.080   7.546987E-02   0.000000E+00
  19.120   7.531198E-02   0.000000E+00
  19.160   7.515476E-02   0.000000E+00
  19.200   7.499818E-02   0.000000E+00
  19.240   7.484226E-02   0.000000E+00
  19.280   7.468699E-02   0.000000E+00
  19.320   7.453236E-02   0.000000E+00
  19.360   7.437837E-02   0.000000E+00
  19.400   7.422501E-02   0.000000E+00
  19.440   7.407228E-02   0.000000E+00
  19.480   7.392018E-02   0.000000E+00
  19.520   7.376871E-02   0.000000E+00
  19.560   7.361785E-02   0.000000E+00
  19.600   7.346761E-02   0.000000E+00
  19.640   7.331798E-02   0.000000E+00
  19.680   7.316896E-02   0.000000E+00
  19.720   7.302055E-02   0.000000E+00
  19.760   7.287273E-02   0.000000E+00
  19.800   7.272551E-02   0.000000E+00
  19.840   7.257889E-02   0.000000E+00
  19.880   7.243285E-02   0.000000E+00
  19.920   7.228741E-02   0.000000E+00
  19.960   7.214254E-02   0.000000E+00
  20.000   7.199826E-02   0.000000E+00
  20.040   7.185455E-02   0.000000E+00
  20.080   7.171141E-02   0.000000E+00
  20.120   7.156884E-02   0.000000E+00
  20.160   7.142684E-02   0.000000E+00
  20.200   7.128540E-02   0.000000E+00
  20.240   7.114452E-02   0.000000E+00
  20.280   7.100420E-02   0.000000E+00
  20.320   7.086443E-02   0.000000E+00
  20.360   7.072520E-02   0.000000E+00
  20.400   7.058653E-02   0.000000E+00
  20.440   7.044839E-02   0.000000E+00
  20.480   7.031080E-02   0.000000E+00
  20.520   7.017374E-02   0.000000E+00
  20.560   7.003722E-02   0.000000E+00
  20.600   6.990122E-02   0.000000E+00
  20.640   6.976575E-02   0.000000E+00
  20.680   6.963081E-02   0.000000E+00
  20.720   6.949639E-02   0.000000E+00
  20.760   6.936248E-02   0.000000E+00
  20.800   6.922909E-02   0.000000E+00
  20.840   6.909622E-02   0.000000E+00
  20.880   6.896385E-02   0.000000E+00
  20.920   6.883199E-02   0.000000E+00
  20.960   6.870063E-02   0.000000E+00
  21.000   6.856977E-02   0.000000E+00
  21.040   6.843941E-02   0.000000E+00
  21.080   6.830954E-02   0.000000E+00
  21.120   6.818017E-02   0.000000E+00
  21.160   6.805128E-02   0.000000E+00
  21.200   6.792288E-02   0.000000E+00
  21.240   6.779497E-02   0.000000E+00
  21.280   6.766754E-02   0.000000E+00
  21.320   6.754058E-02   0.000000E+00
  21.360   6.741410E-02   0.000000E+00
  21.400   6.728809E-02   0.000000E+00
  21.440   6.716255E-02   0.000000E+00
  21.480   6.703748E-02   0.000000E+00
  21.520   6.691288E-02   0.000000E+00
  21.560   6.678874E-02   0.000000E+00
  21.600   6.666505E-02   0.000000E+00
  21.640   6.654183E-02   0.000000E+00
  21.680   6.641906E-02   0.000000E+00
  21.720   6.629674E-02   0.000000E+00
  21.760   6.617487E-02   0.000000E+00
  21.800   6.605345E-02   0.000000E+00
  21.840   6.593247E-02   0.000000E+00
  21.880   6.581194E-02   0.000000E+00
  21.920   6.569184E-02   0.000000E+00
  21.960   6.557218E-02   0.000000E+00
  22.000   6.545296E-02   0.000000E+00
  22.040   6.533417E-02   0.000000E+00
  22.080   6.521581E-02   0.000000E+00
  22.120   6.509788E-02   0.000000E+00
  22.160   6.498038E-02   0.000000E+00
  22.200   6.486330E-02   0.000000E+00
  22.240   6.474663E-02   0.000000E+00
  22.280   6.463039E-02   0.000000E+00
  22.320   6.451457E-02   0.000000E+00
  22.360   6.439916E-02   0.000000E+00
  22.400   6.428416E-02   0.000000E+00
  22.440   6.416957E-02   0.000000E+00
  22.480   6.405539E-02   0.000000E+00
  22.520   6.394161E-02   0.000000E+00
  22.560   6.382824E-02   0.000000E+00
  22.600   6.371527E-02   0.000000E+00
  22.640   6.360270E-02   0.000000E+00
  22.680   6.349053E-02   0.000000E+00
  22.720   6.337875E-02   0.000000E+00
  22.760   6.326736E-02   0.000000E+00
  22.800   6.315637E-02   0.000000E+00
  22.840   6.304576E-02   0.000000E+00
  22.880   6.293554E-02   0.000000E+00
  22.920   6.282570E-02   0.000000E+00
  22.960   6.271625E-02   0.000000E+00
  23.000   6.260718E-02   0.000000E+00
  23.040   6.249849E-02   0.000000E+00
  23.080   6.239017E-02   0.000000E+00
  23.120   6.228223E-02   0.000000E+00
  23.160   6.217466E-02   0.000000E+00
  23.200   6.206746E-02   0.000000E+00
  23.240   6.196063E-02   0.000000E+00
  23.280   6.185417E-02   0.000000E+00
  23.320   6.174808E-02   0.000000E+00
  23.360   6.164234E-02   0.000000E+00
  23.400   6.153697E-02   0.000000E+00
  23.440   6.143196E-02   0.000000E+00
  23.480   6.132731E-02   0.000000E+00
  23.520   6.122301E-02   0.000000E+00
  23.560   6.111906E-02   0.000000E+00
  23.600   6.101547E-02   0.000000E+00
  23.640   6.091223E-02   0.000000E+00
  23.680   6.080934E-02   0.000000E+00
  23.720   6.070679E-02   0.000000E+00
  23.760   6.060459E-02   0.000000E+00
  23.800   6.050274E-02   0.000000E+00
  23.840   6.040122E-02   0.000000E+00
  23.880   6.030005E-02   0.000000E+00
  23.920   6.019921E-02   0.000000E+00
  23.960   6.009871E-02   0.000000E+00
  24.000   5.999855E-02   0.000000E+00
  24.040   5.989872E-02   0.000000E+00
  24.080   5.979922E-02   0.000000E+00
  24.120   5.970005E-02   0.000000E+00
  24.160   5.960121E-02   0.000000E+00
  24.200   5.950269E-02   0.000000E+00
  24.240   5.940450E-02   0.000000E+00
  24.280   5.930664E-02   0.000000E+00
  24.320   5.920909E-02   0.000000E+00
  24.360   5.911187E-02   0.000000E+00
  24.400   5.901497E-02   0.000000E+00
  24.440   5.891838E-02   0.000000E+00
  24.480   5.882211E-02   0.000000E+00
  24.520   5.872615E-02   0.000000E+00
  24.560   5.863050E-02   0.000000E+00
  24.600   5.853517E-02   0.000000E+00
  24.640   5.844014E-02   0.000000E+00
  24.680   5.834543E-02   0.000000E+00
  24.720   5.825102E-02   0.000000E+00
  24.760   5.815691E-02   0.000000E+00
  24.800   5.806311E-02   0.000000E+00
  24.840   5.796961E-02   0.000000E+00
  24.880   5.787641E-02   0.000000E+00
  24.920   5.778351E-02   0.000000E+00
  24.960   5.769091E-02   0.000000E+00
  25.000   5.759861E-02   0.000000E+00
  25.040   5.750660E-02   0.000000E+00
  25.080   5.741488E-02   0.000000E+00
  25.120   5.732345E-02   0.000000E+00
  25.160   5.723232E-02   0.000000E+00
  25.200   5.714147E-02   0.000000E+00
  25.240   5.705092E-02   0.000000E+00
  25.280   5.696065E-02   0.000000E+00
  25.320   5.687066E-02   0.000000E+00
  25.360   5.678096E-02   0.000000E+00
  25.400   5.669154E-02   0.000000E+00
  25.440   5.660240E-02   0.000000E+00
  25.480   5.651355E-02   0.000000E+00
  25.520   5.642497E-02   0.000000E+00
  25.560   5.633666E-02   0.000000E+00
  25.600   5.624864E-02   0.000000E+00
  25.640   5.616089E-02   0.000000E+00
  25.680   5.607341E-02   0.000000E+00
  25.720   5.598620E-02   0.000000E+00
  25.760   5.589927E-02   0.000000E+00
  25.800   5.581260E-02   0.000000E+00
  25.840   5.572621E-02   0.000000E+00
  25.880   5.564008E-02   0.000000E+00
  25.920   5.555421E-02   0.000000E+00
  25.960   5.546861E-02   0.000000E+00
  26.000   5.538328E-02   0.000000E+00
  26.040   5.529820E-02   0.000000E+00
  26.080   5.521339E-02   0.000000E+00
  26.120   5.512883E-02   0.000000E+00
  26.160   5.504454E-02   0.000000E+00
  26.200   5.496050E-02   0.000000E+00
  26.240   5.487672E-02   0.000000E+00
  26.280   5.479319E-02   0.000000E+00
  26.320   5.470992E-02   0.000000E+00
  26.360   5.462690E-02   0.000000E+00
  26.400   5.454413E-02   0.000000E+00
  26.440   5.446162E-02   0.000000E+00
  26.480   5.437935E-02   0.000000E+00
  26.520   5.429733E-02   0.000000E+00
  26.560   5.421556E-02   0.000000E+00
  26.600   5.413403E-02   0.000000E+00
  26.640   5.405275E-02   0.000000E+00
  26.680   5.397171E-02   0.000000E+00
  26.720   5.389091E-02   0.000000E+00
  26.760   5.381036E-02   0.000000E+00
  26.800   5.373004E-02   0.000000E+00
  26.840   5.364997E-02   0.000000E+00
  26.880   5.357013E-02   0.000000E+00
  26.920   5.349053E-02   0.000000E+00
  26.960   5.341117E-02   0.000000E+00
  27.000   5.333204E-02   0.000000E+00
  27.040   5.325315E-02   0.000000E+00
  27.080   5.317449E-02   0.000000E+00
  27.120   5.309606E-02   0.000000E+00
  27.160   5.301786E-02   0.000000E+00
  27.200   5.293990E-02   0.000000E+00
  27.240   5.286216E-02   0.000000E+00
  27.280   5.278465E-02   0.000000E+00
  27.320   5.270736E-02   0.000000E+00
  27.360   5.263031E-02   0.000000E+00
  27.400   5.255347E-02   0.000000E+00
  27.440   5.247686E-02   0.000000E+00
  27.480   5.240048E-02   0.000000E+00
  27.520   5.232432E-02   0.000000E+00
  27.560   5.224837E-02   0.000000E+00
  27.600   5.217265E-02   0.000000E+00
  27.640   5.209715E-02   0.000000E+00
  27.680   5.202186E-02   0.000000E+00
  27.720   5.194679E-02   0.000000E+00
  27.760   5.187194E-02   0.000000E+00
  27.800   5.179731E-02   0.000000E+00
  27.840   5.172289E-02   0.000000E+00
  27.880   5.164868E-02   0.000000E+00
  27.920   5.157468E-02   0.000000E+00
  27.960   5.150090E-02   0.000000E+00
  28.000   5.142733E-02   0.000000E+00
  28.040   5.135396E-02   0.000000E+00
  28.080   5.128081E-02   0.000000E+00
  28.120   5.120786E-02   0.000000E+00
  28.160   5.113513E-02   0.000000E+00
  28.200   5.106259E-02   0.000000E+00
  28.240   5.099027E-02   0.000000E+00
  28.280   5.091815E-02   0.000000E+00
  28.320   5.084623E-02   0.000000E+00
  28.360   5.077451E-02   0.000000E+00
  28.400   5.070300E-02   0.000000E+00
  28.440   5.063169E-02   0.000000E+00
  28.480   5.056057E-02   0.000000E+00
  28.520   5.048966E-02   0.000000E+00
  28.560   5.041895E-02   0.000000E+00
  28.600   5.034843E-02   0.000000E+00
  28.640   5.027811E-02   0.000000E+00
  28.680   5.020799E-02   0.000000E+00
  28.720   5.013806E-02   0.000000E+00
  28.760   5.006833E-02   0.000000E+00
  28.800   4.999879E-02   0.000000E+00
  28.840   4.992944E-02   0.000000E+00
  28.880   4.986029E-02   0.000000E+00
  28.920   4.979133E-02   0.000000E+00
  28.960   4.972255E-02   0.000000E+00
  29.000   4.965397E-02   0.000000E+00
  29.040   4.958558E-02   0.000000E+00
  29.080   4.951737E-02   0.000000E+00
  29.120   4.944935E-02   0.000000E+00
  29.160   4.938152E-02   0.000000E+00
  29.200   4.931388E-02   0.000000E+00
  29.240   4.924641E-02   0.000000E+00
  29.280   4.917914E-02   0.000000E+00
  29.320   4.911204E-02   0.000000E+00
  29.360   4.904513E-02   0.000000E+00
  29.400   4.897841E-02   0.000000E+00
  29.440   4.891186E-02   0.000000E+00
  29.480   4.884549E-02   0.000000E+00
  29.520   4.877931E-02   0.000000E+00
  29.560   4.871330E-02   0.000000E+00
  29.600   4.864747E-02   0.000000E+00
  29.640   4.858182E-02   0.000000E+00
  29.680   4.851635E-02   0.000000E+00
  29.720   4.845105E-02   0.000000E+00
  29.760   4.838593E-02   0.000000E+00
  29.800   4.832098E-02   0.000000E+00
  29.840   4.825620E-02   0.000000E+00
  29.880   4.819160E-02   0.000000E+00
  29.920   4.812718E-02   0.000000E+00
  29.960   4.806292E-02   0.000000E+00
  30.000   4.799884E-02   0.000000E+00
  30.040   4.793493E-02   0.000000E+00
 &
# Potential at   2: KP=  1 of type  1 and multipole =  0
   0.000  -2.600000E+01   0.000000E+00
   0.040  -2.600000E+01   0.000000E+00
   0.080  -2.600000E+01   0.000000E+00
   0.120  -2.600000E+01   0.000000E+00
   0.160  -2.600000E+01   0.000000E+00
   0.200  -2.599999E+01   0.000000E+00
   0.240  -2.599999E+01   0.000000E+00
   0.280  -2.599999E+01   0.000000E+00
   0.320  -2.599999E+01   0.000000E+00
   0.360  -2.599999E+01   0.000000E+00
   0.400  -2.599999E+01   0.000000E+00
   0.440  -2.599999E+01   0.000000E+00
   0.480  -2.599999E+01   0.000000E+00
   0.520  -2.599999E+01   0.000000E+00
   0.560  -2.599998E+01   0.000000E+00
   0.600  -2.599998E+01   0.000000E+00
   0.640  -2.599998E+01   0.000000E+00
   0.680  -2.599998E+01   0.000000E+00
   0.720  -2.599998E+01   0.000000E+00
   0.760  -2.599997E+01   0.000000E+00
   0.800  -2.599997E+01   0.000000E+00
   0.840  -2.599997E+01   0.000000E+00
   0.880  -2.599996E+01   0.000000E+00
   0.920  -2.599996E+01   0.000000E+00
   0.960  -2.599995E+01   0.000000E+00
   1.000  -2.599995E+01   0.000000E+00
   1.040  -2.599994E+01   0.000000E+00
   1.080  -2.599993E+01   0.000000E+00
   1.120  -2.599993E+01   0.000000E+00
   1.160  -2.599992E+01   0.000000E+00
   1.200  -2.599990E+01   0.000000E+00
   1.240  -2.599989E+01   0.000000E+00
   1.280  -2.599988E+01   0.000000E+00
   1.320  -2.599986E+01   0.000000E+00
   1.360  -2.599985E+01   0.000000E+00
   1.400  -2.599983E+01   0.000000E+00
   1.440  -2.599981E+01   0.000000E+00
   1.480  -2.599978E+01   0.000000E+00
   1.520  -2.599976E+01   0.000000E+00
   1.560  -2.599973E+01   0.000000E+00
   1.600  -2.599969E+01   0.000000E+00
   1.640  -2.599965E+01   0.000000E+00
   1.680  -2.599961E+01   0.000000E+00
   1.720  -2.599956E+01   0.000000E+00
   1.760  -2.599951E+01   0.000000E+00
   1.800  -2.599944E+01   0.000000E+00
   1.840  -2.599937E+01   0.000000E+00
   1.880  -2.599930E+01   0.000000E+00
   1.920  -2.599921E+01   0.000000E+00
   1.960  -2.599911E+01   0.000000E+00
   2.000  -2.599900E+01   0.000000E+00
   2.040  -2.599887E+01   0.000000E+00
   2.080  -2.599874E+01   0.000000E+00
   2.120  -2.599858E+01   0.000000E+00
   2.160  -2.599840E+01   0.000000E+00
   2.200  -2.599820E+01   0.000000E+00
   2.240  -2.599797E+01   0.000000E+00
   2.280  -2.599772E+01   0.000000E+00
   2.320  -2.599744E+01   0.000000E+00
   2.360  -2.599712E+01   0.000000E+00
   2.400  -2.599676E+01   0.000000E+00
   2.440  -2.599635E+01   0.000000E+00
   2.480  -2.599590E+01   0.000000E+00
   2.520  -2.599538E+01   0.000000E+00
   2.560  -2.599481E+01   0.000000E+00
   2.600  -2.599416E+01   0.000000E+00
   2.640  -2.599343E+01   0.000000E+00
   2.680  -2.599261E+01   0.000000E+00
   2.720  -2.599169E+01   0.000000E+00
   2.760  -2.599065E+01   0.000000E+00
   2.800  -2.598948E+01   0.000000E+00
   2.840  -2.598817E+01   0.000000E+00
   2.880  -2.598670E+01   0.000000E+00
   2.920  -2.598504E+01   0.000000E+00
   2.960  -2.598317E+01   0.000000E+00
   3.000  -2.598107E+01   0.000000E+00
   3.040  -2.597871E+01   0.000000E+00
   3.080  -2.597606E+01   0.000000E+00
   3.120  -2.597307E+01   0.000000E+00
   3.160  -2.596971E+01   0.000000E+00
   3.200  -2.596593E+01   0.000000E+00
   3.240  -2.596169E+01   0.000000E+00
   3.280  -2.595691E+01   0.000000E+00
   3.320  -2.595154E+01   0.000000E+00
   3.360  -2.594550E+01   0.000000E+00
   3.400  -2.593871E+01   0.000000E+00
   3.440  -2.593109E+01   0.000000E+00
   3.480  -2.592251E+01   0.000000E+00
   3.520  -2.591286E+01   0.000000E+00
   3.560  -2.590203E+01   0.000000E+00
   3.600  -2.588985E+01   0.000000E+00
   3.640  -2.587616E+01   0.000000E+00
   3.680  -2.586078E+01   0.000000E+00
   3.720  -2.584350E+01   0.000000E+00
   3.760  -2.582410E+01   0.000000E+00
   3.800  -2.580231E+01   0.000000E+00
   3.840  -2.577783E+01   0.000000E+00
   3.880  -2.575036E+01   0.000000E+00
   3.920  -2.571953E+01   0.000000E+00
   3.960  -2.568494E+01   0.000000E+00
   4.000  -2.564614E+01   0.000000E+00
   4.040  -2.560264E+01   0.000000E+00
   4.080  -2.555388E+01   0.000000E+00
   4.120  -2.549926E+01   0.000000E+00
   4.160  -2.543810E+01   0.000000E+00
   4.200  -2.536964E+01   0.000000E+00
   4.240  -2.529309E+01   0.000000E+00
   4.280  -2.520752E+01   0.000000E+00
   4.320  -2.511196E+01   0.000000E+00
   4.360  -2.500533E+01   0.000000E+00
   4.400  -2.488647E+01   0.000000E+00
   4.440  -2.475411E+01   0.000000E+00
   4.480  -2.460690E+01   0.000000E+00
   4.520  -2.444339E+01   0.000000E+00
   4.560  -2.426204E+01   0.000000E+00
   4.600  -2.406124E+01   0.000000E+00
   4.640  -2.383931E+01   0.000000E+00
   4.680  -2.359451E+01   0.000000E+00
   4.720  -2.332509E+01   0.000000E+00
   4.760  -2.302929E+01   0.000000E+00
   4.800  -2.270540E+01   0.000000E+00
   4.840  -2.235180E+01   0.000000E+00
   4.880  -2.196698E+01   0.000000E+00
   4.920  -2.154965E+01   0.000000E+00
   4.960  -2.109878E+01   0.000000E+00
   5.000  -2.061364E+01   0.000000E+00
   5.040  -2.009393E+01   0.000000E+00
   5.080  -1.953978E+01   0.000000E+00
   5.120  -1.895188E+01   0.000000E+00
   5.160  -1.833147E+01   0.000000E+00
   5.200  -1.768043E+01   0.000000E+00
   5.240  -1.700125E+01   0.000000E+00
   5.280  -1.629705E+01   0.000000E+00
   5.320  -1.557154E+01   0.000000E+00
   5.360  -1.482898E+01   0.000000E+00
   5.400  -1.407403E+01   0.000000E+00
   5.440  -1.331172E+01   0.000000E+00
   5.480  -1.254725E+01   0.000000E+00
   5.520  -1.178591E+01   0.000000E+00
   5.560  -1.103288E+01   0.000000E+00
   5.600  -1.029312E+01   0.000000E+00
   5.640  -9.571247E+00   0.000000E+00
   5.680  -8.871403E+00   0.000000E+00
   5.720  -8.197197E+00   0.000000E+00
   5.760  -7.551640E+00   0.000000E+00
   5.800  -6.937113E+00   0.000000E+00
   5.840  -6.355366E+00   0.000000E+00
   5.880  -5.807541E+00   0.000000E+00
   5.920  -5.294213E+00   0.000000E+00
   5.960  -4.815437E+00   0.000000E+00
   6.000  -4.370819E+00   0.000000E+00
   6.040  -3.959580E+00   0.000000E+00
   6.080  -3.580628E+00   0.000000E+00
   6.120  -3.232625E+00   0.000000E+00
   6.160  -2.914048E+00   0.000000E+00
   6.200  -2.623249E+00   0.000000E+00
   6.240  -2.358505E+00   0.000000E+00
   6.280  -2.118059E+00   0.000000E+00
   6.320  -1.900156E+00   0.000000E+00
   6.360  -1.703071E+00   0.000000E+00
   6.400  -1.525135E+00   0.000000E+00
   6.440  -1.364745E+00   0.000000E+00
   6.480  -1.220382E+00   0.000000E+00
   6.520  -1.090613E+00   0.000000E+00
   6.560  -9.741007E-01   0.000000E+00
   6.600  -8.696011E-01   0.000000E+00
   6.640  -7.759644E-01   0.000000E+00
   6.680  -6.921326E-01   0.000000E+00
   6.720  -6.171361E-01   0.000000E+00
   6.760  -5.500892E-01   0.000000E+00
   6.800  -4.901857E-01   0.000000E+00
   6.840  -4.366937E-01   0.000000E+00
   6.880  -3.889500E-01   0.000000E+00
   6.920  -3.463554E-01   0.000000E+00
   6.960  -3.083693E-01   0.000000E+00
   7.000  -2.745047E-01   0.000000E+00
   7.040  -2.443236E-01   0.000000E+00
   7.080  -2.174329E-01   0.000000E+00
   7.120  -1.934796E-01   0.000000E+00
   7.160  -1.721474E-01   0.000000E+00
   7.200  -1.531533E-01   0.000000E+00
   7.240  -1.362438E-01   0.000000E+00
   7.280  -1.211926E-01   0.000000E+00
   7.320  -1.077971E-01   0.000000E+00
   7.360  -9.587684E-02   0.000000E+00
   7.400  -8.527035E-02   0.000000E+00
   7.440  -7.583378E-02   0.000000E+00
   7.480  -6.743880E-02   0.000000E+00
   7.520  -5.997101E-02   0.000000E+00
   7.560  -5.332847E-02   0.000000E+00
   7.600  -4.742032E-02   0.000000E+00
   7.640  -4.216567E-02   0.000000E+00
   7.680  -3.749244E-02   0.000000E+00
   7.720  -3.333648E-02   0.000000E+00
   7.760  -2.964067E-02   0.000000E+00
   7.800  -2.635418E-02   0.000000E+00
   7.840  -2.343176E-02   0.000000E+00
   7.880  -2.083315E-02   0.000000E+00
   7.920  -1.852252E-02   0.000000E+00
   7.960  -1.646800E-02   0.000000E+00
   8.000  -1.464124E-02   0.000000E+00
   8.040  -1.301702E-02   0.000000E+00
   8.080  -1.157290E-02   0.000000E+00
   8.120  -1.028893E-02   0.000000E+00
   8.160  -9.147364E-03   0.000000E+00
   8.200  -8.132413E-03   0.000000E+00
   8.240  -7.230046E-03   0.000000E+00
   8.280  -6.427780E-03   0.000000E+00
   8.320  -5.714516E-03   0.000000E+00
   8.360  -5.080384E-03   0.000000E+00
   8.400  -4.516609E-03   0.000000E+00
   8.440  -4.015387E-03   0.000000E+00
   8.480  -3.569779E-03   0.000000E+00
   8.520  -3.173617E-03   0.000000E+00
   8.560  -2.821415E-03   0.000000E+00
   8.600  -2.508296E-03   0.000000E+00
   8.640  -2.229923E-03   0.000000E+00
   8.680  -1.982442E-03   0.000000E+00
   8.720  -1.762426E-03   0.000000E+00
   8.760  -1.566825E-03   0.000000E+00
   8.800  -1.392932E-03   0.000000E+00
   8.840  -1.238338E-03   0.000000E+00
   8.880  -1.100900E-03   0.000000E+00
   8.920  -9.787156E-04   0.000000E+00
   8.960  -8.700914E-04   0.000000E+00
   9.000  -7.735226E-04   0.000000E+00
   9.040  -6.876714E-04   0.000000E+00
   9.080  -6.113484E-04   0.000000E+00
   9.120  -5.434961E-04   0.000000E+00
   9.160  -4.831745E-04   0.000000E+00
   9.200  -4.295477E-04   0.000000E+00
   9.240  -3.818728E-04   0.000000E+00
   9.280  -3.394892E-04   0.000000E+00
   9.320  -3.018097E-04   0.000000E+00
   9.360  -2.683121E-04   0.000000E+00
   9.400  -2.385323E-04   0.000000E+00
   9.440  -2.120578E-04   0.000000E+00
   9.480  -1.885216E-04   0.000000E+00
   9.520  -1.675977E-04   0.000000E+00
   9.560  -1.489961E-04   0.000000E+00
   9.600  -1.324591E-04   0.000000E+00
   9.640  -1.177575E-04   0.000000E+00
   9.680  -1.046876E-04   0.000000E+00
   9.720  -9.306834E-05   0.000000E+00
   9.760  -8.273869E-05   0.000000E+00
   9.800  -7.355553E-05   0.000000E+00
   9.840  -6.539161E-05   0.000000E+00
   9.880  -5.813379E-05   0.000000E+00
   9.920  -5.168152E-05   0.000000E+00
   9.960  -4.594539E-05   0.000000E+00
  10.000  -4.084591E-05   0.000000E+00
  10.040  -3.631242E-05   0.000000E+00
  10.080  -3.228210E-05   0.000000E+00
  10.120  -2.869910E-05   0.000000E+00
  10.160  -2.551379E-05   0.000000E+00
  10.200  -2.268201E-05   0.000000E+00
  10.240  -2.016453E-05   0.000000E+00
  10.280  -1.792646E-05   0.000000E+00
  10.320  -1.593680E-05   0.000000E+00
  10.360  -1.416797E-05   0.000000E+00
  10.400  -1.259547E-05   0.000000E+00
  10.440  -1.119750E-05   0.000000E+00
  10.480  -9.954683E-06   0.000000E+00
  10.520  -8.849811E-06   0.000000E+00
  10.560  -7.867568E-06   0.000000E+00
  10.600  -6.994345E-06   0.000000E+00
  10.640  -6.218042E-06   0.000000E+00
  10.680  -5.527900E-06   0.000000E+00
  10.720  -4.914357E-06   0.000000E+00
  10.760  -4.368912E-06   0.000000E+00
  10.800  -3.884005E-06   0.000000E+00
  10.840  -3.452918E-06   0.000000E+00
  10.880  -3.069678E-06   0.000000E+00
  10.920  -2.728974E-06   0.000000E+00
  10.960  -2.426085E-06   0.000000E+00
  11.000  -2.156813E-06   0.000000E+00
  11.040  -1.917428E-06   0.000000E+00
  11.080  -1.704612E-06   0.000000E+00
  11.120  -1.515417E-06   0.000000E+00
  11.160  -1.347220E-06   0.000000E+00
  11.200  -1.197692E-06   0.000000E+00
  11.240  -1.064760E-06   0.000000E+00
  11.280  -9.465820E-07   0.000000E+00
  11.320  -8.415206E-07   0.000000E+00
  11.360  -7.481200E-07   0.000000E+00
  11.400  -6.650860E-07   0.000000E+00
  11.440  -5.912680E-07   0.000000E+00
  11.480  -5.256430E-07   0.000000E+00
  11.520  -4.673018E-07   0.000000E+00
  11.560  -4.154358E-07   0.000000E+00
  11.600  -3.693265E-07   0.000000E+00
  11.640  -3.283349E-07   0.000000E+00
  11.680  -2.918929E-07   0.000000E+00
  11.720  -2.594956E-07   0.000000E+00
  11.760  -2.306942E-07   0.000000E+00
  11.800  -2.050894E-07   0.000000E+00
  11.840  -1.823264E-07   0.000000E+00
  11.880  -1.620900E-07   0.000000E+00
  11.920  -1.440996E-07   0.000000E+00
  11.960  -1.281059E-07   0.000000E+00
  12.000  -1.138874E-07   0.000000E+00
  12.040  -1.012470E-07   0.000000E+00
  12.080  -9.000961E-08   0.000000E+00
  12.120  -8.001942E-08   0.000000E+00
  12.160  -7.113805E-08   0.000000E+00
  12.200  -6.324242E-08   0.000000E+00
  12.240  -5.622313E-08   0.000000E+00
  12.280  -4.998291E-08   0.000000E+00
  12.320  -4.443529E-08   0.000000E+00
  12.360  -3.950341E-08   0.000000E+00
  12.400  -3.511892E-08   0.000000E+00
  12.440  -3.122106E-08   0.000000E+00
  12.480  -2.775583E-08   0.000000E+00
  12.520  -2.467520E-08   0.000000E+00
  12.560  -2.193650E-08   0.000000E+00
  12.600  -1.950176E-08   0.000000E+00
  12.640  -1.733725E-08   0.000000E+00
  12.680  -1.541299E-08   0.000000E+00
  12.720  -1.370230E-08   0.000000E+00
  12.760  -1.218148E-08   0.000000E+00
  12.800  -1.082945E-08   0.000000E+00
  12.840  -9.627487E-09   0.000000E+00
  12.880  -8.558930E-09   0.000000E+00
  12.920  -7.608973E-09   0.000000E+00
  12.960  -6.764451E-09   0.000000E+00
  13.000  -6.013663E-09   0.000000E+00
  13.040  -5.346205E-09   0.000000E+00
  13.080  -4.752829E-09   0.000000E+00
  13.120  -4.225311E-09   0.000000E+00
  13.160  -3.756343E-09   0.000000E+00
  13.200  -3.339425E-09   0.000000E+00
  13.240  -2.968782E-09   0.000000E+00
  13.280  -2.639276E-09   0.000000E+00
  13.320  -2.346342E-09   0.000000E+00
  13.360  -2.085921E-09   0.000000E+00
  13.400  -1.854404E-09   0.000000E+00
  13.440  -1.648583E-09   0.000000E+00
  13.480  -1.465607E-09   0.000000E+00
  13.520  -1.302939E-09   0.000000E+00
  13.560  -1.158325E-09   0.000000E+00
  13.600  -1.029762E-09   0.000000E+00
  13.640  -9.154689E-10   0.000000E+00
  13.680  -8.138608E-10   0.000000E+00
  13.720  -7.235302E-10   0.000000E+00
  13.760  -6.432254E-10   0.000000E+00
  13.800  -5.718337E-10   0.000000E+00
  13.840  -5.083657E-10   0.000000E+00
  13.880  -4.519421E-10   0.000000E+00
  13.920  -4.017809E-10   0.000000E+00
  13.960  -3.571872E-10   0.000000E+00
  14.000  -3.175429E-10   0.000000E+00
  14.040  -2.822987E-10   0.000000E+00
  14.080  -2.509663E-10   0.000000E+00
  14.120  -2.231115E-10   0.000000E+00
  14.160  -1.983483E-10   0.000000E+00
  14.200  -1.763336E-10   0.000000E+00
  14.240  -1.567623E-10   0.000000E+00
  14.280  -1.393632E-10   0.000000E+00
  14.320  -1.238952E-10   0.000000E+00
  14.360  -1.101441E-10   0.000000E+00
  14.400  -9.791917E-11   0.000000E+00
  14.440  -8.705110E-11   0.000000E+00
  14.480  -7.738927E-11   0.000000E+00
  14.520  -6.879982E-11   0.000000E+00
  14.560  -6.116371E-11   0.000000E+00
  14.600  -5.437514E-11   0.000000E+00
  14.640  -4.834003E-11   0.000000E+00
  14.680  -4.297476E-11   0.000000E+00
  14.720  -3.820498E-11   0.000000E+00
  14.760  -3.396460E-11   0.000000E+00
  14.800  -3.019486E-11   0.000000E+00
  14.840  -2.684353E-11   0.000000E+00
  14.880  -2.386416E-11   0.000000E+00
  14.920  -2.121547E-11   0.000000E+00
  14.960  -1.886076E-11   0.000000E+00
  15.000  -1.676740E-11   0.000000E+00
  15.040  -1.490638E-11   0.000000E+00
  15.080  -1.325192E-11   0.000000E+00
  15.120  -1.178108E-11   0.000000E+00
  15.160  -1.047350E-11   0.000000E+00
  15.200  -9.311043E-12   0.000000E+00
  15.240  -8.277608E-12   0.000000E+00
  15.280  -7.358875E-12   0.000000E+00
  15.320  -6.542111E-12   0.000000E+00
  15.360  -5.816001E-12   0.000000E+00
  15.400  -5.170482E-12   0.000000E+00
  15.440  -4.596609E-12   0.000000E+00
  15.480  -4.086430E-12   0.000000E+00
  15.520  -3.632876E-12   0.000000E+00
  15.560  -3.229662E-12   0.000000E+00
  15.600  -2.871201E-12   0.000000E+00
  15.640  -2.552526E-12   0.000000E+00
  15.680  -2.269221E-12   0.000000E+00
  15.720  -2.017359E-12   0.000000E+00
  15.760  -1.793452E-12   0.000000E+00
  15.800  -1.594396E-12   0.000000E+00
  15.840  -1.417434E-12   0.000000E+00
  15.880  -1.260113E-12   0.000000E+00
  15.920  -1.120252E-12   0.000000E+00
  15.960  -9.959154E-13   0.000000E+00
  16.000  -8.853785E-13   0.000000E+00
  16.040  -7.871101E-13   0.000000E+00
  16.080  -6.997486E-13   0.000000E+00
  16.120  -6.220833E-13   0.000000E+00
  16.160  -5.530381E-13   0.000000E+00
  16.200  -4.916563E-13   0.000000E+00
  16.240  -4.370873E-13   0.000000E+00
  16.280  -3.885748E-13   0.000000E+00
  16.320  -3.454468E-13   0.000000E+00
  16.360  -3.071056E-13   0.000000E+00
  16.400  -2.730199E-13   0.000000E+00
  16.440  -2.427173E-13   0.000000E+00
  16.480  -2.157781E-13   0.000000E+00
  16.520  -1.918288E-13   0.000000E+00
  16.560  -1.705377E-13   0.000000E+00
  16.600  -1.516097E-13   0.000000E+00
  16.640  -1.347825E-13   0.000000E+00
  16.680  -1.198229E-13   0.000000E+00
  16.720  -1.065238E-13   0.000000E+00
  16.760  -9.470067E-14   0.000000E+00
  16.800  -8.418982E-14   0.000000E+00
  16.840  -7.484557E-14   0.000000E+00
  16.880  -6.653844E-14   0.000000E+00
  16.920  -5.915333E-14   0.000000E+00
  16.960  -5.258788E-14   0.000000E+00
  17.000  -4.675114E-14   0.000000E+00
  17.040  -4.156222E-14   0.000000E+00
  17.080  -3.694922E-14   0.000000E+00
  17.120  -3.284822E-14   0.000000E+00
  17.160  -2.920239E-14   0.000000E+00
  17.200  -2.596121E-14   0.000000E+00
  17.240  -2.307977E-14   0.000000E+00
  17.280  -2.051814E-14   0.000000E+00
  17.320  -1.824083E-14   0.000000E+00
  17.360  -1.621627E-14   0.000000E+00
  17.400  -1.441642E-14   0.000000E+00
  17.440  -1.281634E-14   0.000000E+00
  17.480  -1.139385E-14   0.000000E+00
  17.520  -1.012925E-14   0.000000E+00
  17.560  -9.005000E-15   0.000000E+00
  17.600  -8.005532E-15   0.000000E+00
  17.640  -7.116996E-15   0.000000E+00
  17.680  -6.327079E-15   0.000000E+00
  17.720  -5.624835E-15   0.000000E+00
  17.760  -5.000534E-15   0.000000E+00
  17.800  -4.445523E-15   0.000000E+00
  17.840  -3.952113E-15   0.000000E+00
  17.880  -3.513467E-15   0.000000E+00
  17.920  -3.123507E-15   0.000000E+00
  17.960  -2.776828E-15   0.000000E+00
  18.000  -2.468627E-15   0.000000E+00
  18.040  -2.194634E-15   0.000000E+00
  18.080  -1.951051E-15   0.000000E+00
  18.120  -1.734503E-15   0.000000E+00
  18.160  -1.541990E-15   0.000000E+00
  18.200  -1.370844E-15   0.000000E+00
  18.240  -1.218694E-15   0.000000E+00
  18.280  -1.083431E-15   0.000000E+00
  18.320  -9.631808E-16   0.000000E+00
  18.360  -8.562771E-16   0.000000E+00
  18.400  -7.612387E-16   0.000000E+00
  18.440  -6.767486E-16   0.000000E+00
  18.480  -6.016361E-16   0.000000E+00
  18.520  -5.348604E-16   0.000000E+00
  18.560  -4.754961E-16   0.000000E+00
  18.600  -4.227207E-16   0.000000E+00
  18.640  -3.758028E-16   0.000000E+00
  18.680  -3.340924E-16   0.000000E+00
  18.720  -2.970114E-16   0.000000E+00
  18.760  -2.640460E-16   0.000000E+00
  18.800  -2.347395E-16   0.000000E+00
  18.840  -2.086857E-16   0.000000E+00
  18.880  -1.855236E-16   0.000000E+00
  18.920  -1.649323E-16   0.000000E+00
  18.960  -1.466264E-16   0.000000E+00
  19.000  -1.303523E-16   0.000000E+00
  19.040  -1.158845E-16   0.000000E+00
  19.080  -1.030225E-16   0.000000E+00
  19.120  -9.158797E-17   0.000000E+00
  19.160  -8.142260E-17   0.000000E+00
  19.200  -7.238548E-17   0.000000E+00
  19.240  -6.435140E-17   0.000000E+00
  19.280  -5.720902E-17   0.000000E+00
  19.320  -5.085938E-17   0.000000E+00
  19.360  -4.521449E-17   0.000000E+00
  19.400  -4.019612E-17   0.000000E+00
  19.440  -3.573475E-17   0.000000E+00
  19.480  -3.176854E-17   0.000000E+00
  19.520  -2.824254E-17   0.000000E+00
  19.560  -2.510789E-17   0.000000E+00
  19.600  -2.232116E-17   0.000000E+00
  19.640  -1.984373E-17   0.000000E+00
  19.680  -1.764127E-17   0.000000E+00
  19.720  -1.568326E-17   0.000000E+00
  19.760  -1.394257E-17   0.000000E+00
  19.800  -1.239508E-17   0.000000E+00
  19.840  -1.101935E-17   0.000000E+00
  19.880  -9.796310E-18   0.000000E+00
  19.920  -8.709015E-18   0.000000E+00
  19.960  -7.742400E-18   0.000000E+00
  20.000  -6.883069E-18   0.000000E+00
  20.040  -6.119115E-18   0.000000E+00
  20.080  -5.439953E-18   0.000000E+00
  20.120  -4.836172E-18   0.000000E+00
  20.160  -4.299404E-18   0.000000E+00
  20.200  -3.822212E-18   0.000000E+00
  20.240  -3.397984E-18   0.000000E+00
  20.280  -3.020841E-18   0.000000E+00
  20.320  -2.685557E-18   0.000000E+00
  20.360  -2.387486E-18   0.000000E+00
  20.400  -2.122499E-18   0.000000E+00
  20.440  -1.886922E-18   0.000000E+00
  20.480  -1.677492E-18   0.000000E+00
  20.520  -1.491307E-18   0.000000E+00
  20.560  -1.325786E-18   0.000000E+00
  20.600  -1.178637E-18   0.000000E+00
  20.640  -1.047820E-18   0.000000E+00
  20.680  -9.315221E-19   0.000000E+00
  20.720  -8.281322E-19   0.000000E+00
  20.760  -7.362176E-19   0.000000E+00
  20.800  -6.545046E-19   0.000000E+00
  20.840  -5.818610E-19   0.000000E+00
  20.880  -5.172801E-19   0.000000E+00
  20.920  -4.598671E-19   0.000000E+00
  20.960  -4.088263E-19   0.000000E+00
  21.000  -3.634506E-19   0.000000E+00
  21.040  -3.231111E-19   0.000000E+00
  21.080  -2.872490E-19   0.000000E+00
  21.120  -2.553671E-19   0.000000E+00
  21.160  -2.270239E-19   0.000000E+00
  21.200  -2.018264E-19   0.000000E+00
  21.240  -1.794257E-19   0.000000E+00
  21.280  -1.595112E-19   0.000000E+00
  21.320  -1.418070E-19   0.000000E+00
  21.360  -1.260678E-19   0.000000E+00
  21.400  -1.120755E-19   0.000000E+00
  21.440  -9.963622E-20   0.000000E+00
  21.480  -8.857758E-20   0.000000E+00
  21.520  -7.874633E-20   0.000000E+00
  21.560  -7.000625E-20   0.000000E+00
  21.600  -6.223624E-20   0.000000E+00
  21.640  -5.532863E-20   0.000000E+00
  21.680  -4.918769E-20   0.000000E+00
  21.720  -4.372834E-20   0.000000E+00
  21.760  -3.887492E-20   0.000000E+00
  21.800  -3.456018E-20   0.000000E+00
  21.840  -3.072434E-20   0.000000E+00
  21.880  -2.731424E-20   0.000000E+00
  21.920  -2.428263E-20   0.000000E+00
  21.960  -2.158749E-20   0.000000E+00
  22.000  -1.919149E-20   0.000000E+00
  22.040  -1.706142E-20   0.000000E+00
  22.080  -1.516777E-20   0.000000E+00
  22.120  -1.348430E-20   0.000000E+00
  22.160  -1.198767E-20   0.000000E+00
  22.200  -1.065716E-20   0.000000E+00
  22.240  -9.474316E-21   0.000000E+00
  22.280  -8.422759E-21   0.000000E+00
  22.320  -7.487916E-21   0.000000E+00
  22.360  -6.656830E-21   0.000000E+00
  22.400  -5.917987E-21   0.000000E+00
  22.440  -5.261148E-21   0.000000E+00
  22.480  -4.677212E-21   0.000000E+00
  22.520  -4.158087E-21   0.000000E+00
  22.560  -3.696580E-21   0.000000E+00
  22.600  -3.286296E-21   0.000000E+00
  22.640  -2.921549E-21   0.000000E+00
  22.680  -2.597286E-21   0.000000E+00
  22.720  -2.309012E-21   0.000000E+00
  22.760  -2.052735E-21   0.000000E+00
  22.800  -1.824901E-21   0.000000E+00
  22.840  -1.622355E-21   0.000000E+00
  22.880  -1.442289E-21   0.000000E+00
  22.920  -1.282209E-21   0.000000E+00
  22.960  -1.139897E-21   0.000000E+00
  23.000  -1.013379E-21   0.000000E+00
  23.040  -9.009040E-22   0.000000E+00
  23.080  -8.009124E-22   0.000000E+00
  23.120  -7.120190E-22   0.000000E+00
  23.160  -6.329918E-22   0.000000E+00
  23.200  -5.627359E-22   0.000000E+00
  23.240  -5.002777E-22   0.000000E+00
  23.280  -4.447518E-22   0.000000E+00
  23.320  -3.953887E-22   0.000000E+00
  23.360  -3.515044E-22   0.000000E+00
  23.400  -3.124909E-22   0.000000E+00
  23.440  -2.778074E-22   0.000000E+00
  23.480  -2.469735E-22   0.000000E+00
  23.520  -2.195619E-22   0.000000E+00
  23.560  -1.951926E-22   0.000000E+00
  23.600  -1.735282E-22   0.000000E+00
  23.640  -1.542682E-22   0.000000E+00
  23.680  -1.371460E-22   0.000000E+00
  23.720  -1.219241E-22   0.000000E+00
  23.760  -1.083917E-22   0.000000E+00
  23.800  -9.636129E-23   0.000000E+00
  23.840  -8.566613E-23   0.000000E+00
  23.880  -7.615803E-23   0.000000E+00
  23.920  -6.770523E-23   0.000000E+00
  23.960  -6.019061E-23   0.000000E+00
  24.000  -5.351004E-23   0.000000E+00
  24.040  -4.757095E-23   0.000000E+00
  24.080  -4.229104E-23   0.000000E+00
  24.120  -3.759715E-23   0.000000E+00
  24.160  -3.342423E-23   0.000000E+00
  24.200  -2.971447E-23   0.000000E+00
  24.240  -2.641645E-23   0.000000E+00
  24.280  -2.348448E-23   0.000000E+00
  24.320  -2.087793E-23   0.000000E+00
  24.360  -1.856069E-23   0.000000E+00
  24.400  -1.650063E-23   0.000000E+00
  24.440  -1.466922E-23   0.000000E+00
  24.480  -1.304108E-23   0.000000E+00
  24.520  -1.159365E-23   0.000000E+00
  24.560  -1.030687E-23   0.000000E+00
  24.600  -9.162906E-24   0.000000E+00
  24.640  -8.145913E-24   0.000000E+00
  24.680  -7.241796E-24   0.000000E+00
  24.720  -6.438028E-24   0.000000E+00
  24.760  -5.723469E-24   0.000000E+00
  24.800  -5.088220E-24   0.000000E+00
  24.840  -4.523478E-24   0.000000E+00
  24.880  -4.021416E-24   0.000000E+00
  24.920  -3.575078E-24   0.000000E+00
  24.960  -3.178279E-24   0.000000E+00
  25.000  -2.825521E-24   0.000000E+00
  25.040  -2.511916E-24   0.000000E+00
  25.080  -2.233118E-24   0.000000E+00
  25.120  -1.985264E-24   0.000000E+00
  25.160  -1.764919E-24   0.000000E+00
  25.200  -1.569030E-24   0.000000E+00
  25.240  -1.394883E-24   0.000000E+00
  25.280  -1.240064E-24   0.000000E+00
  25.320  -1.102429E-24   0.000000E+00
  25.360  -9.800705E-25   0.000000E+00
  25.400  -8.712923E-25   0.000000E+00
  25.440  -7.745874E-25   0.000000E+00
  25.480  -6.886157E-25   0.000000E+00
  25.520  -6.121861E-25   0.000000E+00
  25.560  -5.442394E-25   0.000000E+00
  25.600  -4.838342E-25   0.000000E+00
  25.640  -4.301333E-25   0.000000E+00
  25.680  -3.823927E-25   0.000000E+00
  25.720  -3.399508E-25   0.000000E+00
  25.760  -3.022196E-25   0.000000E+00
  25.800  -2.686762E-25   0.000000E+00
  25.840  -2.388558E-25   0.000000E+00
  25.880  -2.123451E-25   0.000000E+00
  25.920  -1.887769E-25   0.000000E+00
  25.960  -1.678245E-25   0.000000E+00
  26.000  -1.491976E-25   0.000000E+00
  26.040  -1.326381E-25   0.000000E+00
  26.080  -1.179166E-25   0.000000E+00
  26.120  -1.048290E-25   0.000000E+00
  26.160  -9.319401E-26   0.000000E+00
  26.200  -8.285038E-26   0.000000E+00
  26.240  -7.365480E-26   0.000000E+00
  26.280  -6.547983E-26   0.000000E+00
  26.320  -5.821221E-26   0.000000E+00
  26.360  -5.175122E-26   0.000000E+00
  26.400  -4.600734E-26   0.000000E+00
  26.440  -4.090098E-26   0.000000E+00
  26.480  -3.636137E-26   0.000000E+00
  26.520  -3.232561E-26   0.000000E+00
  26.560  -2.873778E-26   0.000000E+00
  26.600  -2.554817E-26   0.000000E+00
  26.640  -2.271257E-26   0.000000E+00
  26.680  -2.019170E-26   0.000000E+00
  26.720  -1.795062E-26   0.000000E+00
  26.760  -1.595828E-26   0.000000E+00
  26.800  -1.418706E-26   0.000000E+00
  26.840  -1.261244E-26   0.000000E+00
  26.880  -1.121258E-26   0.000000E+00
  26.920  -9.968093E-27   0.000000E+00
  26.960  -8.861731E-27   0.000000E+00
  27.000  -7.878166E-27   0.000000E+00
  27.040  -7.003767E-27   0.000000E+00
  27.080  -6.226417E-27   0.000000E+00
  27.120  -5.535345E-27   0.000000E+00
  27.160  -4.920976E-27   0.000000E+00
  27.200  -4.374796E-27   0.000000E+00
  27.240  -3.889236E-27   0.000000E+00
  27.280  -3.457569E-27   0.000000E+00
  27.320  -3.073813E-27   0.000000E+00
  27.360  -2.732649E-27   0.000000E+00
  27.400  -2.429352E-27   0.000000E+00
  27.440  -2.159718E-27   0.000000E+00
  27.480  -1.920010E-27   0.000000E+00
  27.520  -1.706908E-27   0.000000E+00
  27.560  -1.517458E-27   0.000000E+00
  27.600  -1.349035E-27   0.000000E+00
  27.640  -1.199305E-27   0.000000E+00
  27.680  -1.066194E-27   0.000000E+00
  27.720  -9.478567E-28   0.000000E+00
  27.760  -8.426539E-28   0.000000E+00
  27.800  -7.491275E-28   0.000000E+00
  27.840  -6.659817E-28   0.000000E+00
  27.880  -5.920642E-28   0.000000E+00
  27.920  -5.263509E-28   0.000000E+00
  27.960  -4.679311E-28   0.000000E+00
  28.000  -4.159953E-28   0.000000E+00
  28.040  -3.698239E-28   0.000000E+00
  28.080  -3.287770E-28   0.000000E+00
  28.120  -2.922860E-28   0.000000E+00
  28.160  -2.598451E-28   0.000000E+00
  28.200  -2.310048E-28   0.000000E+00
  28.240  -2.053656E-28   0.000000E+00
  28.280  -1.825720E-28   0.000000E+00
  28.320  -1.623083E-28   0.000000E+00
  28.360  -1.442936E-28   0.000000E+00
  28.400  -1.282785E-28   0.000000E+00
  28.440  -1.140408E-28   0.000000E+00
  28.480  -1.013834E-28   0.000000E+00
  28.520  -9.013082E-29   0.000000E+00
  28.560  -8.012718E-29   0.000000E+00
  28.600  -7.123385E-29   0.000000E+00
  28.640  -6.332759E-29   0.000000E+00
  28.680  -5.629884E-29   0.000000E+00
  28.720  -5.005022E-29   0.000000E+00
  28.760  -4.449513E-29   0.000000E+00
  28.800  -3.955661E-29   0.000000E+00
  28.840  -3.516621E-29   0.000000E+00
  28.880  -3.126311E-29   0.000000E+00
  28.920  -2.779321E-29   0.000000E+00
  28.960  -2.470843E-29   0.000000E+00
  29.000  -2.196604E-29   0.000000E+00
  29.040  -1.952802E-29   0.000000E+00
  29.080  -1.736060E-29   0.000000E+00
  29.120  -1.543375E-29   0.000000E+00
  29.160  -1.372075E-29   0.000000E+00
  29.200  -1.219788E-29   0.000000E+00
  29.240  -1.084403E-29   0.000000E+00
  29.280  -9.640453E-30   0.000000E+00
  29.320  -8.570457E-30   0.000000E+00
  29.360  -7.619220E-30   0.000000E+00
  29.400  -6.773560E-30   0.000000E+00
  29.440  -6.021762E-30   0.000000E+00
  29.480  -5.353405E-30   0.000000E+00
  29.520  -4.759229E-30   0.000000E+00
  29.560  -4.231001E-30   0.000000E+00
  29.600  -3.761401E-30   0.000000E+00
  29.640  -3.343923E-30   0.000000E+00
  29.680  -2.972780E-30   0.000000E+00
  29.720  -2.642830E-30   0.000000E+00
  29.760   0.000000E+00   0.000000E+00
  29.800   0.000000E+00   0.000000E+00
  29.840   0.000000E+00   0.000000E+00
  29.880   0.000000E+00   0.000000E+00
  29.920   0.000000E+00   0.000000E+00
  29.960   0.000000E+00   0.000000E+00
  30.000   0.000000E+00   0.000000E+00
  30.040   0.000000E+00   0.000000E+00
 &
# Potential at   3: KP=  1 of type  1 and multipole =  0
   0.000   1.268898E-02  -1.507567E-06
   0.040   1.421374E-02  -1.773555E-06
   0.080   1.779218E-02  -2.448718E-06
   0.120   2.220036E-02  -3.370102E-06
   0.160   2.761223E-02  -4.623359E-06
   0.200   3.423363E-02  -6.322407E-06
   0.240   4.230725E-02  -8.618220E-06
   0.280   5.211790E-02  -1.171016E-05
   0.320   6.399842E-02  -1.586056E-05
   0.360   7.833607E-02  -2.141334E-05
   0.400   9.557948E-02  -2.881778E-05
   0.440   1.162459E-01  -3.865867E-05
   0.480   1.409292E-01  -5.169441E-05
   0.520   1.703079E-01  -6.890496E-05
   0.560   2.051533E-01  -9.155195E-05
   0.600   2.463388E-01  -1.212537E-04
   0.640   2.948473E-01  -1.600784E-04
   0.680   3.517805E-01  -2.106593E-04
   0.720   4.183663E-01  -2.763369E-04
   0.760   4.959660E-01  -3.613327E-04
   0.800   5.860806E-01  -4.709621E-04
   0.840   6.903558E-01  -6.118922E-04
   0.880   8.105857E-01  -7.924541E-04
   0.920   9.487136E-01  -1.023019E-03
   0.960   1.106832E+00  -1.316447E-03
   1.000   1.287177E+00  -1.688625E-03
   1.040   1.492125E+00  -2.159104E-03
   1.080   1.724180E+00  -2.751846E-03
   1.120   1.985958E+00  -3.496108E-03
   1.160   2.280173E+00  -4.427472E-03
   1.200   2.609611E+00  -5.589039E-03
   1.240   2.977104E+00  -7.032807E-03
   1.280   3.385498E+00  -8.821256E-03
   1.320   3.837614E+00  -1.102916E-02
   1.360   4.336210E+00  -1.374564E-02
   1.400   4.883932E+00  -1.707644E-02
   1.440   5.483264E+00  -2.114658E-02
   1.480   6.136475E+00  -2.610317E-02
   1.520   6.845561E+00  -3.211860E-02
   1.560   7.612185E+00  -3.939401E-02
   1.600   8.437619E+00  -4.816306E-02
   1.640   9.322680E+00  -5.869596E-02
   1.680   1.026767E+01  -7.130378E-02
   1.720   1.127232E+01  -8.634301E-02
   1.760   1.233573E+01  -1.042202E-01
   1.800   1.345633E+01  -1.253970E-01
   1.840   1.463183E+01  -1.503947E-01
   1.880   1.585920E+01  -1.797994E-01
   1.920   1.713459E+01  -2.142665E-01
   1.960   1.845341E+01  -2.545249E-01
   2.000   1.981025E+01  -3.013816E-01
   2.040   2.119890E+01  -3.557243E-01
   2.080   2.261242E+01  -4.185241E-01
   2.120   2.404312E+01  -4.908374E-01
   2.160   2.548268E+01  -5.738060E-01
   2.200   2.692214E+01  -6.686561E-01
   2.240   2.835203E+01  -7.766955E-01
   2.280   2.976248E+01  -8.993092E-01
   2.320   3.114328E+01  -1.037953E+00
   2.360   3.248403E+01  -1.194143E+00
   2.400   3.377424E+01  -1.369447E+00
   2.440   3.500351E+01  -1.565469E+00
   2.480   3.616162E+01  -1.783832E+00
   2.520   3.723869E+01  -2.026160E+00
   2.560   3.822532E+01  -2.294055E+00
   2.600   3.911273E+01  -2.589072E+00
   2.640   3.989288E+01  -2.912693E+00
   2.680   4.055860E+01  -3.266296E+00
   2.720   4.110368E+01  -3.651124E+00
   2.760   4.152300E+01  -4.068253E+00
   2.800   4.181259E+01  -4.518555E+00
   2.840   4.196968E+01  -5.002665E+00
   2.880   4.199276E+01  -5.520946E+00
   2.920   4.188163E+01  -6.073455E+00
   2.960   4.163733E+01  -6.659911E+00
   3.000   4.126221E+01  -7.279664E+00
   3.040   4.075983E+01  -7.931666E+00
   3.080   4.013493E+01  -8.614455E+00
   3.120   3.939334E+01  -9.326130E+00
   3.160   3.854193E+01  -1.006434E+01
   3.200   3.758844E+01  -1.082629E+01
   3.240   3.654142E+01  -1.160871E+01
   3.280   3.541008E+01  -1.240791E+01
   3.320   3.420413E+01  -1.321976E+01
   3.360   3.293369E+01  -1.403973E+01
   3.400   3.160913E+01  -1.486292E+01
   3.440   3.024092E+01  -1.568411E+01
   3.480   2.883950E+01  -1.649780E+01
   3.520   2.741515E+01  -1.729825E+01
   3.560   2.597789E+01  -1.807959E+01
   3.600   2.453733E+01  -1.883585E+01
   3.640   2.310261E+01  -1.956106E+01
   3.680   2.168229E+01  -2.024928E+01
   3.720   2.028427E+01  -2.089474E+01
   3.760   1.891576E+01  -2.149190E+01
   3.800   1.758322E+01  -2.203550E+01
   3.840   1.629234E+01  -2.252066E+01
   3.880   1.504800E+01  -2.294297E+01
   3.920   1.385429E+01  -2.329853E+01
   3.960   1.271452E+01  -2.358401E+01
   4.000   1.163124E+01  -2.379671E+01
   4.040   1.060626E+01  -2.393461E+01
   4.080   9.640709E+00  -2.399641E+01
   4.120   8.735058E+00  -2.398150E+01
   4.160   7.889198E+00  -2.389003E+01
   4.200   7.102483E+00  -2.372287E+01
   4.240   6.373790E+00  -2.348163E+01
   4.280   5.701585E+00  -2.316857E+01
   4.320   5.083979E+00  -2.278666E+01
   4.360   4.518789E+00  -2.233944E+01
   4.400   4.003600E+00  -2.183103E+01
   4.440   3.535815E+00  -2.126603E+01
   4.480   3.112710E+00  -2.064946E+01
   4.520   2.731480E+00  -1.998671E+01
   4.560   2.389284E+00  -1.928343E+01
   4.600   2.083280E+00  -1.854546E+01
   4.640   1.810664E+00  -1.777874E+01
   4.680   1.568694E+00  -1.698927E+01
   4.720   1.354718E+00  -1.618298E+01
   4.760   1.166191E+00  -1.536572E+01
   4.800   1.000693E+00  -1.454311E+01
   4.840   8.559383E-01  -1.372056E+01
   4.880   7.297837E-01  -1.290319E+01
   4.920   6.202348E-01  -1.209573E+01
   4.960   5.254463E-01  -1.130258E+01
   5.000   4.437219E-01  -1.052770E+01
   5.040   3.735111E-01  -9.774611E+00
   5.080   3.134055E-01  -9.046399E+00
   5.120   2.621318E-01  -8.345691E+00
   5.160   2.185462E-01  -7.674658E+00
   5.200   1.816256E-01  -7.035032E+00
   5.240   1.504600E-01  -6.428112E+00
   5.280   1.242440E-01  -5.854785E+00
   5.320   1.022680E-01  -5.315557E+00
   5.360   8.391020E-02  -4.810574E+00
   5.400   6.862775E-02  -4.339655E+00
   5.440   5.594936E-02  -3.902328E+00
   5.480   4.546745E-02  -3.497862E+00
   5.520   3.683125E-02  -3.125300E+00
   5.560   2.974011E-02  -2.783499E+00
   5.600   2.393751E-02  -2.471159E+00
   5.640   1.920550E-02  -2.186858E+00
   5.680   1.535969E-02  -1.929082E+00
   5.720   1.224474E-02  -1.696255E+00
   5.760   9.730315E-03  -1.486763E+00
   5.800   7.707517E-03  -1.298981E+00
   5.840   6.085726E-03  -1.131290E+00
   5.880   4.789835E-03  -9.820990E-01
   5.920   3.757846E-03  -8.498591E-01
   5.960   2.938784E-03  -7.330758E-01
   6.000   2.290902E-03  -6.303200E-01
   6.040   1.780146E-03  -5.402360E-01
   6.080   1.378844E-03  -4.615473E-01
   6.120   1.064596E-03  -3.930603E-01
   6.160   8.193412E-04  -3.336664E-01
   6.200   6.285720E-04  -2.823423E-01
   6.240   4.806794E-04  -2.381495E-01
   6.280   3.664090E-04  -2.002321E-01
   6.320   2.784115E-04  -1.678139E-01
   6.360   2.108718E-04  -1.401950E-01
   6.400   1.592062E-04  -1.167474E-01
   6.440   1.198151E-04  -9.691082E-02
   6.480   8.988220E-05  -8.018766E-02
   6.520   6.721186E-05  -6.613831E-02
   6.560   5.009893E-05  -5.437620E-02
   6.600   3.722385E-05  -4.456306E-02
   6.640   2.756921E-05  -3.640418E-02
   6.680   2.035343E-05  -2.964407E-02
   6.720   1.497825E-05  -2.406216E-02
   6.760   1.098740E-05  -1.946892E-02
   6.800   8.034133E-06  -1.570215E-02
   6.840   5.855896E-06  -1.262370E-02
   6.880   4.254593E-06  -1.011637E-02
   6.920   3.081292E-06  -8.081142E-03
   6.960   2.224426E-06  -6.434741E-03
   7.000   1.600712E-06  -5.107399E-03
   7.040   1.148204E-06  -4.040905E-03
   7.080   8.209842E-07  -3.186895E-03
   7.120   5.851415E-07  -2.505343E-03
   7.160   4.157166E-07  -1.963256E-03
   7.200   2.944042E-07  -1.533546E-03
   7.240   2.078265E-07  -1.194062E-03
   7.280   1.462406E-07  -9.267603E-04
   7.320   1.025759E-07  -7.169983E-04
   7.360   7.171882E-08  -5.529413E-04
   7.400   4.998401E-08  -4.250600E-04
   7.440   3.472476E-08  -3.257105E-04
   7.480   2.404682E-08  -2.487846E-04
   7.520   1.659917E-08  -1.894199E-04
   7.560   1.142156E-08  -1.437599E-04
   7.600   7.833839E-09  -1.087578E-04
   7.640   5.355921E-09  -8.201494E-05
   7.680   3.650092E-09  -6.165042E-05
   7.720   2.479613E-09  -4.619440E-05
   7.760   1.679091E-09  -3.450268E-05
   7.800   1.133378E-09  -2.568778E-05
   7.840   7.625800E-10  -1.906385E-05
   7.880   5.114538E-10  -1.410279E-05
   7.920   3.419304E-10  -1.039943E-05
   7.960   2.278659E-10  -7.644065E-06
   8.000   1.513670E-10  -5.600792E-06
   8.040   1.002289E-10  -4.090579E-06
   8.080   6.615543E-11  -2.978039E-06
   8.120   4.352593E-11  -2.161157E-06
   8.160   2.854571E-11  -1.563336E-06
   8.200   1.866139E-11  -1.127272E-06
   8.240   1.216066E-11  -8.102431E-07
   8.280   7.899160E-12  -5.805134E-07
   8.320   5.114637E-12  -4.145905E-07
   8.360   3.301102E-12  -2.951459E-07
   8.400   2.123798E-12  -2.094423E-07
   8.440   1.362003E-12  -1.481502E-07
   8.480   8.706685E-13  -1.044601E-07
   8.520   5.548020E-13  -7.341908E-08
   8.560   3.523980E-13  -5.143724E-08
   8.600   2.231203E-13  -3.592167E-08
   8.640   1.408170E-13  -2.500609E-08
   8.680   8.858928E-14  -1.735183E-08
   8.720   5.555429E-14  -1.200204E-08
   8.760   3.472677E-14  -8.275132E-09
   8.800   2.163821E-14  -5.687287E-09
   8.840   1.343967E-14  -3.896239E-09
   8.880   8.320816E-15  -2.660703E-09
   8.920   5.135156E-15  -1.811162E-09
   8.960   3.159015E-15  -1.228934E-09
   9.000   1.937135E-15  -8.312089E-10
   9.040   1.184073E-15  -5.604049E-10
   9.080   7.214516E-16  -3.766205E-10
   9.120   4.381736E-16  -2.522994E-10
   9.160   2.652745E-16  -1.684763E-10
   9.200   1.600866E-16  -1.121429E-10
   9.240   9.629967E-17  -7.440716E-11
   9.280   5.774373E-17  -4.921166E-11
   9.320   3.451399E-17  -3.244379E-11
   9.360   2.056344E-17  -2.132090E-11
   9.400   1.221255E-17  -1.396656E-11
   9.440   7.229822E-18  -9.119771E-12
   9.480   4.266374E-18  -5.935927E-12
   9.520   2.509577E-18  -3.851265E-12
   9.560   1.471473E-18  -2.490741E-12
   9.600   8.600318E-19  -1.605698E-12
   9.640   5.010567E-19  -1.031833E-12
   9.680   2.909843E-19  -6.609452E-13
   9.720   1.684467E-19  -4.220186E-13
   9.760   9.719984E-20  -2.686012E-13
   9.800   5.590864E-20  -1.704099E-13
   9.840   3.205550E-20  -1.077684E-13
   9.880   1.832047E-20  -6.793582E-14
   9.920   1.043712E-20  -4.268903E-14
   9.960   5.927002E-21  -2.673893E-14
  10.000   3.355056E-21  -1.669483E-14
  10.040   1.893105E-21  -1.039035E-14
  10.080   1.064780E-21  -6.445975E-15
  10.120   5.969739E-22  -3.986184E-15
  10.160   3.336269E-22  -2.457177E-15
  10.200   1.858562E-22  -1.509822E-15
  10.240   1.032056E-22  -9.247517E-16
  10.280   5.712679E-23  -5.645922E-16
  10.320   3.152003E-23  -3.436014E-16
  10.360   1.733579E-23  -2.084420E-16
  10.400   9.504096E-24  -1.260450E-16
  10.440   5.193837E-24  -7.597602E-17
  10.480   2.829281E-24  -4.564967E-17
  10.520   1.536293E-24  -2.734066E-17
  10.560   8.315387E-25  -1.632264E-17
  10.600   4.486431E-25  -9.713646E-18
  10.640   2.412847E-25  -5.762148E-18
  10.680   1.293507E-25  -3.407193E-18
  10.720   6.912230E-26  -2.008257E-18
  10.760   3.681949E-26  -1.179919E-18
  10.800   1.955004E-26  -6.910275E-19
  10.840   1.034732E-26  -4.034119E-19
  10.880   5.459063E-27  -2.347536E-19
  10.920   2.870904E-27  -1.361715E-19
  10.960   1.504976E-27  -7.873546E-20
  11.000   7.864130E-28  -4.538003E-20
  11.040   4.096208E-28  -2.607170E-20
  11.080   2.126786E-28  -1.493084E-20
  11.120   1.100717E-28  -8.523334E-21
  11.160   5.678554E-29  -4.850036E-21
  11.200   2.920184E-29  -2.751000E-21
  11.240   1.496900E-29  -1.555416E-21
  11.280   7.648668E-30  -8.766228E-22
  11.320   3.895731E-30  -4.924807E-22
  11.360   1.977891E-30  -2.757884E-22
  11.400   1.000982E-30  -1.539476E-22
  11.440   5.049636E-31  -8.566042E-23
  11.480   2.539243E-31  -4.751139E-23
  11.520   1.272796E-31  -2.626791E-23
  11.560   1.125028E-31  -1.447650E-23
  11.600   1.125028E-31  -7.952647E-24
  11.640   1.125028E-31  -4.354821E-24
  11.680   1.125028E-31  -2.377054E-24
  11.720   1.125028E-31  -1.293356E-24
  11.760   1.125028E-31  -7.014672E-25
  11.800   1.125028E-31  -3.792337E-25
  11.840   1.125028E-31  -2.043698E-25
  11.880   1.125028E-31  -1.097834E-25
  11.920   1.125028E-31  -5.878509E-26
  11.960   1.125028E-31  -3.137674E-26
  12.000   1.125028E-31  -1.669393E-26
  12.040   1.125028E-31  -8.853596E-27
  12.080   1.125028E-31  -4.680487E-27
  12.120   1.125028E-31  -2.466452E-27
  12.160   1.125028E-31  -1.295581E-27
  12.200   1.125028E-31  -6.783701E-28
  12.240   1.125028E-31  -3.540618E-28
  12.280   1.125028E-31  -1.842051E-28
  12.320   1.125028E-31  -9.552887E-29
  12.360   1.125028E-31  -4.938304E-29
  12.400   1.125028E-31  -2.544669E-29
  12.440   1.125028E-31  -1.307058E-29
  12.480   1.125028E-31  -6.692199E-30
  12.520   1.125028E-31  -3.415490E-30
  12.560   1.125028E-31  -1.737591E-30
  12.600   1.125028E-31  -8.811548E-31
  12.640   1.125028E-31  -4.454174E-31
  12.680   1.125028E-31  -2.244359E-31
  12.720   1.125028E-31  -1.127270E-31
  12.760   1.125028E-31  -6.428729E-32
  12.800   1.125028E-31  -6.428729E-32
  12.840   1.125028E-31  -6.428729E-32
  12.880   1.125028E-31  -6.428729E-32
  12.920   1.125028E-31  -6.428729E-32
  12.960   1.125028E-31  -6.428729E-32
  13.000   1.125028E-31  -6.428729E-32
  13.040   1.125028E-31  -6.428729E-32
  13.080   1.125028E-31  -6.428729E-32
  13.120   1.125028E-31  -6.428729E-32
  13.160   1.125028E-31  -6.428729E-32
  13.200   1.125028E-31  -6.428729E-32
  13.240   1.125028E-31  -6.428729E-32
  13.280   1.125028E-31  -6.428729E-32
  13.320   1.125028E-31  -6.428729E-32
  13.360   1.125028E-31  -6.428729E-32
  13.400   1.125028E-31  -6.428729E-32
  13.440   1.125028E-31  -6.428729E-32
  13.480   1.125028E-31  -6.428729E-32
  13.520   1.125028E-31  -6.428729E-32
  13.560   1.125028E-31  -6.428729E-32
  13.600   1.125028E-31  -6.428729E-32
  13.640   1.125028E-31  -6.428729E-32
  13.680   1.125028E-31  -6.428729E-32
  13.720   1.125028E-31  -6.428729E-32
  13.760   1.125028E-31  -6.428729E-32
  13.800   1.125028E-31  -6.428729E-32
  13.840   1.125028E-31  -6.428729E-32
  13.880   1.125028E-31  -6.428729E-32
  13.920   1.125028E-31  -6.428729E-32
  13.960   1.125028E-31  -6.428729E-32
  14.000   1.125028E-31  -6.428729E-32
  14.040   1.125028E-31  -6.428729E-32
  14.080   1.125028E-31  -6.428729E-32
  14.120   1.125028E-31  -6.428729E-32
  14.160   1.125028E-31  -6.428729E-32
  14.200   1.125028E-31  -6.428729E-32
  14.240   1.125028E-31  -6.428729E-32
  14.280   1.125028E-31  -6.428729E-32
  14.320   1.125028E-31  -6.428729E-32
  14.360   1.125028E-31  -6.428729E-32
  14.400   1.125028E-31  -6.428729E-32
  14.440   1.125028E-31  -6.428729E-32
  14.480   1.125028E-31  -6.428729E-32
  14.520   1.125028E-31  -6.428729E-32
  14.560   1.125028E-31  -6.428729E-32
  14.600   1.125028E-31  -6.428729E-32
  14.640   1.125028E-31  -6.428729E-32
  14.680   1.125028E-31  -6.428729E-32
  14.720   1.125028E-31  -6.428729E-32
  14.760   1.125028E-31  -6.428729E-32
  14.800   1.125028E-31  -6.428729E-32
  14.840   1.125028E-31  -6.428729E-32
  14.880   1.125028E-31  -6.428729E-32
  14.920   1.125028E-31  -6.428729E-32
  14.960   1.125028E-31  -6.428729E-32
  15.000   1.125028E-31  -6.428729E-32
  15.040   1.125028E-31  -6.428729E-32
  15.080   1.125028E-31  -6.428729E-32
  15.120   1.125028E-31  -6.428729E-32
  15.160   1.125028E-31  -6.428729E-32
  15.200   1.125028E-31  -6.428729E-32
  15.240   1.125028E-31  -6.428729E-32
  15.280   1.125028E-31  -6.428729E-32
  15.320   1.125028E-31  -6.428729E-32
  15.360   1.125028E-31  -6.428729E-32
  15.400   1.125028E-31  -6.428729E-32
  15.440   1.125028E-31  -6.428729E-32
  15.480   1.125028E-31  -6.428729E-32
  15.520   1.125028E-31  -6.428729E-32
  15.560   1.125028E-31  -6.428729E-32
  15.600   1.125028E-31  -6.428729E-32
  15.640   1.125028E-31  -6.428729E-32
  15.680   1.125028E-31  -6.428729E-32
  15.720   1.125028E-31  -6.428729E-32
  15.760   1.125028E-31  -6.428729E-32
  15.800   1.125028E-31  -6.428729E-32
  15.840   1.125028E-31  -6.428729E-32
  15.880   1.125028E-31  -6.428729E-32
  15.920   1.125028E-31  -6.428729E-32
  15.960   1.125028E-31  -6.428729E-32
  16.000   1.125028E-31  -6.428729E-32
  16.040   1.125028E-31  -6.428729E-32
  16.080   1.125028E-31  -6.428729E-32
  16.120   1.125028E-31  -6.428729E-32
  16.160   1.125028E-31  -6.428729E-32
  16.200   1.125028E-31  -6.428729E-32
  16.240   1.125028E-31  -6.428729E-32
  16.280   1.125028E-31  -6.428729E-32
  16.320   1.125028E-31  -6.428729E-32
  16.360   1.125028E-31  -6.428729E-32
  16.400   1.125028E-31  -6.428729E-32
  16.440   1.125028E-31  -6.428729E-32
  16.480   1.125028E-31  -6.428729E-32
  16.520   1.125028E-31  -6.428729E-32
  16.560   1.125028E-31  -6.428729E-32
  16.600   1.125028E-31  -6.428729E-32
  16.640   1.125028E-31  -6.428729E-32
  16.680   1.125028E-31  -6.428729E-32
  16.720   1.125028E-31  -6.428729E-32
  16.760   1.125028E-31  -6.428729E-32
  16.800   1.125028E-31  -6.428729E-32
  16.840   1.125028E-31  -6.428729E-32
  16.880   1.125028E-31  -6.428729E-32
  16.920   1.125028E-31  -6.428729E-32
  16.960   1.125028E-31  -6.428729E-32
  17.000   1.125028E-31  -6.428729E-32
  17.040   1.125028E-31  -6.428729E-32
  17.080   1.125028E-31  -6.428729E-32
  17.120   1.125028E-31  -6.428729E-32
  17.160   1.125028E-31  -6.428729E-32
  17.200   1.125028E-31  -6.428729E-32
  17.240   1.125028E-31  -6.428729E-32
  17.280   1.125028E-31  -6.428729E-32
  17.320   1.125028E-31  -6.428729E-32
  17.360   1.125028E-31  -6.428729E-32
  17.400   1.125028E-31  -6.428729E-32
  17.440   1.125028E-31  -6.428729E-32
  17.480   1.125028E-31  -6.428729E-32
  17.520   1.125028E-31  -6.428729E-32
  17.560   1.125028E-31  -6.428729E-32
  17.600   1.125028E-31  -6.428729E-32
  17.640   1.125028E-31  -6.428729E-32
  17.680   1.125028E-31  -6.428729E-32
  17.720   1.125028E-31  -6.428729E-32
  17.760   1.125028E-31  -6.428729E-32
  17.800   1.125028E-31  -6.428729E-32
  17.840   1.125028E-31  -6.428729E-32
  17.880   1.125028E-31  -6.428729E-32
  17.920   1.125028E-31  -6.428729E-32
  17.960   1.125028E-31  -6.428729E-32
  18.000   1.125028E-31  -6.428729E-32
  18.040   1.125028E-31  -6.428729E-32
  18.080   1.125028E-31  -6.428729E-32
  18.120   1.125028E-31  -6.428729E-32
  18.160   1.125028E-31  -6.428729E-32
  18.200   1.125028E-31  -6.428729E-32
  18.240   1.125028E-31  -6.428729E-32
  18.280   1.125028E-31  -6.428729E-32
  18.320   1.125028E-31  -6.428729E-32
  18.360   1.125028E-31  -6.428729E-32
  18.400   1.125028E-31  -6.428729E-32
  18.440   1.125028E-31  -6.428729E-32
  18.480   1.125028E-31  -6.428729E-32
  18.520   1.125028E-31  -6.428729E-32
  18.560   1.125028E-31  -6.428729E-32
  18.600   1.125028E-31  -6.428729E-32
  18.640   1.125028E-31  -6.428729E-32
  18.680   1.125028E-31  -6.428729E-32
  18.720   1.125028E-31  -6.428729E-32
  18.760   1.125028E-31  -6.428729E-32
  18.800   1.125028E-31  -6.428729E-32
  18.840   1.125028E-31  -6.428729E-32
  18.880   1.125028E-31  -6.428729E-32
  18.920   1.125028E-31  -6.428729E-32
  18.960   1.125028E-31  -6.428729E-32
  19.000   1.125028E-31  -6.428729E-32
  19.040   1.125028E-31  -6.428729E-32
  19.080   1.125028E-31  -6.428729E-32
  19.120   1.125028E-31  -6.428729E-32
  19.160   1.125028E-31  -6.428729E-32
  19.200   1.125028E-31  -6.428729E-32
  19.240   1.125028E-31  -6.428729E-32
  19.280   1.125028E-31  -6.428729E-32
  19.320   1.125028E-31  -6.428729E-32
  19.360   1.125028E-31  -6.428729E-32
  19.400   1.125028E-31  -6.428729E-32
  19.440   1.125028E-31  -6.428729E-32
  19.480   1.125028E-31  -6.428729E-32
  19.520   1.125028E-31  -6.428729E-32
  19.560   1.125028E-31  -6.428729E-32
  19.600   1.125028E-31  -6.428729E-32
  19.640   1.125028E-31  -6.428729E-32
  19.680   1.125028E-31  -6.428729E-32
  19.720   1.125028E-31  -6.428729E-32
  19.760   1.125028E-31  -6.428729E-32
  19.800   1.125028E-31  -6.428729E-32
  19.840   1.125028E-31  -6.428729E-32
  19.880   1.125028E-31  -6.428729E-32
  19.920   1.125028E-31  -6.428729E-32
  19.960   1.125028E-31  -6.428729E-32
  20.000   1.125028E-31  -6.428729E-32
  20.040   1.125028E-31  -6.428729E-32
  20.080   1.125028E-31  -6.428729E-32
  20.120   1.125028E-31  -6.428729E-32
  20.160   1.125028E-31  -6.428729E-32
  20.200   1.125028E-31  -6.428729E-32
  20.240   1.125028E-31  -6.428729E-32
  20.280   1.125028E-31  -6.428729E-32
  20.320   1.125028E-31  -6.428729E-32
  20.360   1.125028E-31  -6.428729E-32
  20.400   1.125028E-31  -6.428729E-32
  20.440   1.125028E-31  -6.428729E-32
  20.480   1.125028E-31  -6.428729E-32
  20.520   1.125028E-31  -6.428729E-32
  20.560   1.125028E-31  -6.428729E-32
  20.600   1.125028E-31  -6.428729E-32
  20.640   1.125028E-31  -6.428729E-32
  20.680   1.125028E-31  -6.428729E-32
  20.720   1.125028E-31  -6.428729E-32
  20.760   1.125028E-31  -6.428729E-32
  20.800   1.125028E-31  -6.428729E-32
  20.840   1.125028E-31  -6.428729E-32
  20.880   1.125028E-31  -6.428729E-32
  20.920   1.125028E-31  -6.428729E-32
  20.960   1.125028E-31  -6.428729E-32
  21.000   1.125028E-31  -6.428729E-32
  21.040   1.125028E-31  -6.428729E-32
  21.080   1.125028E-31  -6.428729E-32
  21.120   1.125028E-31  -6.428729E-32
  21.160   1.125028E-31  -6.428729E-32
  21.200   1.125028E-31  -6.428729E-32
  21.240   1.125028E-31  -6.428729E-32
  21.280   1.125028E-31  -6.428729E-32
  21.320   1.125028E-31  -6.428729E-32
  21.360   1.125028E-31  -6.428729E-32
  21.400   1.125028E-31  -6.428729E-32
  21.440   1.125028E-31  -6.428729E-32
  21.480   1.125028E-31  -6.428729E-32
  21.520   1.125028E-31  -6.428729E-32
  21.560   1.125028E-31  -6.428729E-32
  21.600   1.125028E-31  -6.428729E-32
  21.640   1.125028E-31  -6.428729E-32
  21.680   1.125028E-31  -6.428729E-32
  21.720   1.125028E-31  -6.428729E-32
  21.760   1.125028E-31  -6.428729E-32
  21.800   1.125028E-31  -6.428729E-32
  21.840   1.125028E-31  -6.428729E-32
  21.880   1.125028E-31  -6.428729E-32
  21.920   1.125028E-31  -6.428729E-32
  21.960   1.125028E-31  -6.428729E-32
  22.000   1.125028E-31  -6.428729E-32
  22.040   1.125028E-31  -6.428729E-32
  22.080   1.125028E-31  -6.428729E-32
  22.120   1.125028E-31  -6.428729E-32
  22.160   1.125028E-31  -6.428729E-32
  22.200   1.125028E-31  -6.428729E-32
  22.240   1.125028E-31  -6.428729E-32
  22.280   1.125028E-31  -6.428729E-32
  22.320   1.125028E-31  -6.428729E-32
  22.360   1.125028E-31  -6.428729E-32
  22.400   1.125028E-31  -6.428729E-32
  22.440   1.125028E-31  -6.428729E-32
  22.480   1.125028E-31  -6.428729E-32
  22.520   1.125028E-31  -6.428729E-32
  22.560   1.125028E-31  -6.428729E-32
  22.600   1.125028E-31  -6.428729E-32
  22.640   1.125028E-31  -6.428729E-32
  22.680   1.125028E-31  -6.428729E-32
  22.720   1.125028E-31  -6.428729E-32
  22.760   1.125028E-31  -6.428729E-32
  22.800   1.125028E-31  -6.428729E-32
  22.840   1.125028E-31  -6.428729E-32
  22.880   1.125028E-31  -6.428729E-32
  22.920   1.125028E-31  -6.428729E-32
  22.960   1.125028E-31  -6.428729E-32
  23.000   1.125028E-31  -6.428729E-32
  23.040   1.125028E-31  -6.428729E-32
  23.080   1.125028E-31  -6.428729E-32
  23.120   1.125028E-31  -6.428729E-32
  23.160   1.125028E-31  -6.428729E-32
  23.200   1.125028E-31  -6.428729E-32
  23.240   1.125028E-31  -6.428729E-32
  23.280   1.125028E-31  -6.428729E-32
  23.320   1.125028E-31  -6.428729E-32
  23.360   1.125028E-31  -6.428729E-32
  23.400   1.125028E-31  -6.428729E-32
  23.440   1.125028E-31  -6.428729E-32
  23.480   1.125028E-31  -6.428729E-32
  23.520   1.125028E-31  -6.428729E-32
  23.560   1.125028E-31  -6.428729E-32
  23.600   1.125028E-31  -6.428729E-32
  23.640   1.125028E-31  -6.428729E-32
  23.680   1.125028E-31  -6.428729E-32
  23.720   1.125028E-31  -6.428729E-32
  23.760   1.125028E-31  -6.428729E-32
  23.800   1.125028E-31  -6.428729E-32
  23.840   1.125028E-31  -6.428729E-32
  23.880   1.125028E-31  -6.428729E-32
  23.920   1.125028E-31  -6.428729E-32
  23.960   1.125028E-31  -6.428729E-32
  24.000   1.125028E-31  -6.428729E-32
  24.040   1.125028E-31  -6.428729E-32
  24.080   1.125028E-31  -6.428729E-32
  24.120   1.125028E-31  -6.428729E-32
  24.160   1.125028E-31  -6.428729E-32
  24.200   1.125028E-31  -6.428729E-32
  24.240   1.125028E-31  -6.428729E-32
  24.280   1.125028E-31  -6.428729E-32
  24.320   1.125028E-31  -6.428729E-32
  24.360   1.125028E-31  -6.428729E-32
  24.400   1.125028E-31  -6.428729E-32
  24.440   1.125028E-31  -6.428729E-32
  24.480   1.125028E-31  -6.428729E-32
  24.520   1.125028E-31  -6.428729E-32
  24.560   1.125028E-31  -6.428729E-32
  24.600   1.125028E-31  -6.428729E-32
  24.640   1.125028E-31  -6.428729E-32
  24.680   1.125028E-31  -6.428729E-32
  24.720   1.125028E-31  -6.428729E-32
  24.760   1.125028E-31  -6.428729E-32
  24.800   1.125028E-31  -6.428729E-32
  24.840   1.125028E-31  -6.428729E-32
  24.880   1.125028E-31  -6.428729E-32
  24.920   1.125028E-31  -6.428729E-32
  24.960   1.125028E-31  -6.428729E-32
  25.000   1.125028E-31  -6.428729E-32
  25.040   1.125028E-31  -6.428729E-32
  25.080   1.125028E-31  -6.428729E-32
  25.120   1.125028E-31  -6.428729E-32
  25.160   1.125028E-31  -6.428729E-32
  25.200   1.125028E-31  -6.428729E-32
  25.240   1.125028E-31  -6.428729E-32
  25.280   1.125028E-31  -6.428729E-32
  25.320   1.125028E-31  -6.428729E-32
  25.360   1.125028E-31  -6.428729E-32
  25.400   1.125028E-31  -6.428729E-32
  25.440   1.125028E-31  -6.428729E-32
  25.480   1.125028E-31  -6.428729E-32
  25.520   1.125028E-31  -6.428729E-32
  25.560   1.125028E-31  -6.428729E-32
  25.600   1.125028E-31  -6.428729E-32
  25.640   1.125028E-31  -6.428729E-32
  25.680   1.125028E-31  -6.428729E-32
  25.720   1.125028E-31  -6.428729E-32
  25.760   1.125028E-31  -6.428729E-32
  25.800   1.125028E-31  -6.428729E-32
  25.840   1.125028E-31  -6.428729E-32
  25.880   1.125028E-31  -6.428729E-32
  25.920   1.125028E-31  -6.428729E-32
  25.960   1.125028E-31  -6.428729E-32
  26.000   1.125028E-31  -6.428729E-32
  26.040   1.125028E-31  -6.428729E-32
  26.080   1.125028E-31  -6.428729E-32
  26.120   1.125028E-31  -6.428729E-32
  26.160   1.125028E-31  -6.428729E-32
  26.200   1.125028E-31  -6.428729E-32
  26.240   1.125028E-31  -6.428729E-32
  26.280   1.125028E-31  -6.428729E-32
  26.320   1.125028E-31  -6.428729E-32
  26.360   1.125028E-31  -6.428729E-32
  26.400   1.125028E-31  -6.428729E-32
  26.440   1.125028E-31  -6.428729E-32
  26.480   1.125028E-31  -6.428729E-32
  26.520   1.125028E-31  -6.428729E-32
  26.560   1.125028E-31  -6.428729E-32
  26.600   1.125028E-31  -6.428729E-32
  26.640   1.125028E-31  -6.428729E-32
  26.680   1.125028E-31  -6.428729E-32
  26.720   1.125028E-31  -6.428729E-32
  26.760   1.125028E-31  -6.428729E-32
  26.800   1.125028E-31  -6.428729E-32
  26.840   1.125028E-31  -6.428729E-32
  26.880   1.125028E-31  -6.428729E-32
  26.920   1.125028E-31  -6.428729E-32
  26.960   1.125028E-31  -6.428729E-32
  27.000   1.125028E-31  -6.428729E-32
  27.040   1.125028E-31  -6.428729E-32
  27.080   1.125028E-31  -6.428729E-32
  27.120   1.125028E-31  -6.428729E-32
  27.160   1.125028E-31  -6.428729E-32
  27.200   1.125028E-31  -6.428729E-32
  27.240   1.125028E-31  -6.428729E-32
  27.280   1.125028E-31  -6.428729E-32
  27.320   1.125028E-31  -6.428729E-32
  27.360   1.125028E-31  -6.428729E-32
  27.400   1.125028E-31  -6.428729E-32
  27.440   1.125028E-31  -6.428729E-32
  27.480   1.125028E-31  -6.428729E-32
  27.520   1.125028E-31  -6.428729E-32
  27.560   1.125028E-31  -6.428729E-32
  27.600   1.125028E-31  -6.428729E-32
  27.640   1.125028E-31  -6.428729E-32
  27.680   1.125028E-31  -6.428729E-32
  27.720   1.125028E-31  -6.428729E-32
  27.760   1.125028E-31  -6.428729E-32
  27.800   1.125028E-31  -6.428729E-32
  27.840   1.125028E-31  -6.428729E-32
  27.880   1.125028E-31  -6.428729E-32
  27.920   1.125028E-31  -6.428729E-32
  27.960   1.125028E-31  -6.428729E-32
  28.000   1.125028E-31  -6.428729E-32
  28.040   1.125028E-31  -6.428729E-32
  28.080   1.125028E-31  -6.428729E-32
  28.120   1.125028E-31  -6.428729E-32
  28.160   1.125028E-31  -6.428729E-32
  28.200   1.125028E-31  -6.428729E-32
  28.240   1.125028E-31  -6.428729E-32
  28.280   1.125028E-31  -6.428729E-32
  28.320   1.125028E-31  -6.428729E-32
  28.360   1.125028E-31  -6.428729E-32
  28.400   1.125028E-31  -6.428729E-32
  28.440   1.125028E-31  -6.428729E-32
  28.480   1.125028E-31  -6.428729E-32
  28.520   1.125028E-31  -6.428729E-32
  28.560   1.125028E-31  -6.428729E-32
  28.600   1.125028E-31  -6.428729E-32
  28.640   1.125028E-31  -6.428729E-32
  28.680   1.125028E-31  -6.428729E-32
  28.720   1.125028E-31  -6.428729E-32
  28.760   1.125028E-31  -6.428729E-32
  28.800   1.125028E-31  -6.428729E-32
  28.840   1.125028E-31  -6.428729E-32
  28.880   1.125028E-31  -6.428729E-32
  28.920   1.125028E-31  -6.428729E-32
  28.960   1.125028E-31  -6.428729E-32
  29.000   1.125028E-31  -6.428729E-32
  29.040   1.125028E-31  -6.428729E-32
  29.080   1.125028E-31  -6.428729E-32
  29.120   1.125028E-31  -6.428729E-32
  29.160   1.125028E-31  -6.428729E-32
  29.200   1.125028E-31  -6.428729E-32
  29.240   1.125028E-31  -6.428729E-32
  29.280   1.125028E-31  -6.428729E-32
  29.320   1.125028E-31  -6.428729E-32
  29.360   1.125028E-31  -6.428729E-32
  29.400   1.125028E-31  -6.428729E-32
  29.440   1.125028E-31  -6.428729E-32
  29.480   1.125028E-31  -6.428729E-32
  29.520   1.125028E-31  -6.428729E-32
  29.560   1.125028E-31  -6.428729E-32
  29.600   1.125028E-31  -6.428729E-32
  29.640   1.125028E-31  -6.428729E-32
  29.680   1.125028E-31  -6.428729E-32
  29.720   1.125028E-31  -6.428729E-32
  29.760   0.000000E+00   0.000000E+00
  29.800   0.000000E+00   0.000000E+00
  29.840   0.000000E+00   0.000000E+00
  29.880   0.000000E+00   0.000000E+00
  29.920   0.000000E+00   0.000000E+00
  29.960   0.000000E+00   0.000000E+00
  30.000   0.000000E+00   0.000000E+00
  30.040   0.000000E+00   0.000000E+00
 &
