# 116 angles,  1 tensor ranks for 0=projectile
@subtitle   "alpha+28Si elastic Scattering at 28 MeV"                                       
@legend ON
@legend x1 0.2
@legend y1 0.8
@g0 type LOGY
@xaxis label "Scattering angle (degrees)"
@yaxis label "Cross section (mb/sr)"
@legend string   0 "Partition=  1 Excit=  1 near/far= 1"
#legend string   0 "Lab energy =   28.0000"
@s0 linestyle   1
#  Theta       sigma       iT11        T20         T21         T22         Kyy for projectile
   5.000       1.022    
   6.500      0.8726    
   8.000      0.7648    
   9.500      0.7438    
   11.00      0.7678    
   12.50      0.7680    
   14.00      0.7006    
   15.50      0.5676    
   17.00      0.4086    
   18.50      0.2772    
   20.00      0.2143    
   21.50      0.2315    
   23.00      0.3081    
   24.50      0.4015    
   26.00      0.4656    
   27.50      0.4687    
   29.00      0.4044    
   30.50      0.2922    
   32.00      0.1691    
   33.50      0.7446E-01
   35.00      0.3634E-01
   36.50      0.6213E-01
   38.00      0.1374    
   39.50      0.2321    
   41.00      0.3118    
   42.50      0.3490    
   44.00      0.3318    
   45.50      0.2665    
   47.00      0.1741    
   48.50      0.8308E-01
   50.00      0.1976E-01
   51.50      0.4516E-03
   53.00      0.2718E-01
   54.50      0.8794E-01
   56.00      0.1612    
   57.50      0.2230    
   59.00      0.2542    
   60.50      0.2459    
   62.00      0.2015    
   63.50      0.1354    
   65.00      0.6777E-01
   66.50      0.1860E-01
   68.00      0.1652E-02
   69.50      0.2073E-01
   71.00      0.6895E-01
   72.50      0.1312    
   74.00      0.1887    
   75.50      0.2249    
   77.00      0.2297    
   78.50      0.2024    
   80.00      0.1513    
   81.50      0.9089E-01
   83.00      0.3784E-01
   84.50      0.6173E-02
   86.00      0.3692E-02
   87.50      0.3025E-01
   89.00      0.7820E-01
   90.50      0.1348    
   92.00      0.1857    
   93.50      0.2185    
   95.00      0.2258    
   96.50      0.2066    
   98.00      0.1661    
   99.50      0.1141    
   101.0      0.6249E-01
   102.5      0.2253E-01
   104.0      0.2386E-02
   105.5      0.5563E-02
   107.0      0.3046E-01
   108.5      0.7097E-01
   110.0      0.1180    
   111.5      0.1616    
   113.0      0.1928    
   114.5      0.2056    
   116.0      0.1979    
   117.5      0.1718    
   119.0      0.1329    
   120.5      0.8900E-01
   122.0      0.4851E-01
   123.5      0.1845E-01
   125.0      0.3260E-02
   126.5      0.4098E-02
   128.0      0.1887E-01
   129.5      0.4303E-01
   131.0      0.7085E-01
   132.5      0.9673E-01
   134.0      0.1164    
   135.5      0.1274    
   137.0      0.1294    
   138.5      0.1234    
   140.0      0.1114    
   141.5      0.9542E-01
   143.0      0.7715E-01
   144.5      0.5796E-01
   146.0      0.3912E-01
   147.5      0.2220E-01
   149.0      0.9221E-02
   150.5      0.2622E-02
   152.0      0.4652E-02
   153.5      0.1658E-01
   155.0      0.3788E-01
   156.5      0.6575E-01
   158.0      0.9531E-01
   159.5      0.1205    
   161.0      0.1354    
   162.5      0.1362    
   164.0      0.1223    
   165.5      0.9682E-01
   167.0      0.6624E-01
   168.5      0.3877E-01
   170.0      0.2222E-01
   171.5      0.2179E-01
   173.0      0.3847E-01
   174.5      0.6858E-01
   176.0      0.1046    
   177.5      0.1373    
 END
